20 32
-0.319101 -0.500682 0.244666 -0.170175 -0.425857 -0.278467 -0.357512 0.0425101 0.184083 0.280731 0.282813 0.238751 -0.0655116 -0.197161 -0.47692 0.347739 -0.0562038 -0.129775 0.373059 -0.284038
0.263985 0.0937809 -0.328191 -0.0239713 0.307678 0.251589 0.472898 0.106942 1.06641 -0.291053 -0.126061 -0.0192469 -0.448648 0.329665 0.285722 0.00600843 -0.168997 -0.472778 -0.249585 0.235182
-0.0670913 -0.134988 0.158572 0.366251 0.0813075 0.0994577 0.433821 0.0555148 -0.0978056 0.212861 -0.0811536 -0.116317 0.40279 -0.0923235 -0.83964 0.109262 -0.125073 -0.0914331 0.143231 -0.0525131
0.0679696 -0.639512 -0.298221 0.443971 -0.00586629 -0.529209 -0.339164 -0.313883 0.0323652 -0.136803 -0.208452 0.00124508 0.151079 -0.0819121 -0.181739 -0.133289 0.107461 -0.00233381 0.242641 -0.363596
-0.245183 0.244489 -0.25356 0.437664 0.444365 0.440292 -0.278483 0.0243163 -0.156037 0.29193 0.539676 0.276253 0.00289169 -0.115594 0.205259 -0.386707 0.169604 -0.289251 0.196235 -0.0508929
-0.12278 -0.280024 -0.112813 0.175861 0.330098 0.166478 0.431299 0.802954 -0.102613 -0.0651008 -0.455381 0.376541 0.410905 -0.274216 0.195315 0.384872 0.0715586 0.267972 0.0552871 -0.384803
0.331833 0.419035 0.23227 -0.301839 -0.237544 -0.357473 0.243488 0.4011 0.134234 0.297423 -0.274372 0.0461256 -0.433191 -0.244059 0.277861 -0.0757664 0.38244 0.170118 0.8647 0.0296513
-0.444744 -0.0109192 -0.304532 0.309011 0.0132752 -0.0434091 -0.0392541 0.234116 -0.143081 0.245725 0.330639 -0.108195 -0.292842 -0.162214 0.224556 0.0292444 0.199247 0.55749 0.073034 -0.255808
0.334387 0.0162417 0.275892 0.337162 -0.303265 0.437028 0.286225 -0.190971 0.0962753 0.0813362 0.00756791 0.275723 0.454532 0.00231048 0.420862 0.312497 0.0734585 0.0557133 -0.364473 -0.474585
0.0521848 -0.270668 -0.012534 -0.169075 -0.565572 0.11299 -0.131086 0.0253611 -0.282429 -0.105879 0.493436 0.0406514 0.173791 -0.401885 0.755479 0.582939 0.431156 0.262079 0.00478873 0.139796
0.331413 -0.198771 -0.140563 -0.527826 -0.244071 0.52535 -0.105698 -0.100512 0.100487 -0.509831 0.298956 0.400473 0.119312 0.522203 -0.419581 0.583034 -0.231081 -0.404746 -0.0750699 0.59198
-0.00614815 -0.294911 -0.409497 -0.0332414 -0.630862 -0.411157 0.487961 0.418453 -0.0406075 -0.147256 0.0185022 0.742502 0.128065 0.287684 -0.0640227 0.0192572 0.204651 0.0398747 -0.600003 0.404943
-0.194522 0.667657 0.217201 0.0224434 0.138927 -0.03431 -0.153824 0.0656483 0.279859 -0.146897 -0.196769 -0.112415 0.301052 0.459337 0.114479 0.183828 -0.199129 0.277254 0.174475 -0.224562
-0.565311 -0.385978 -0.21162 0.367437 0.491057 -0.138988 -0.128994 0.0827325 0.00384107 0.294387 -0.165447 0.300145 -0.0756495 0.270051 -0.0857105 -0.193878 0.604728 0.336854 -0.566694 -0.141282
0.38103 -0.378417 0.24371 0.210942 -0.22109 -0.0027882 -0.660922 0.55986 -0.0977436 0.254188 0.194114 0.4294 -0.137023 0.0644544 0.176806 0.275922 0.365039 -0.150961 -0.210047 0.430105
-0.64418 0.496488 -0.0956033 -0.00144289 -0.215776 -0.0152407 0.401969 0.243768 0.155801 0.0281041 -0.457142 -0.26694 -0.10853 0.14473 0.0220261 0.311011 0.149774 0.0171872 0.719659 0.12846
-0.136592 0.588173 0.379603 0.574297 -0.0350798 0.308736 -0.459431 0.247925 -0.0498767 -0.428507 0.326537 -0.572414 -0.604851 0.114625 0.180676 0.306907 0.234629 0.46696 0.221436 -0.0418368
-0.0232779 -0.0892462 0.0934382 -0.347011 0.107809 -0.0273264 0.0871635 0.08814 -0.775474 -0.285014 -0.0343514 -0.0175459 0.0820261 0.0956109 0.479475 0.0988081 -0.0989868 -0.505687 -0.432786 0.169337
0.335343 0.487424 -0.261803 -0.0960904 0.0766326 0.647444 0.0363224 0.490552 0.0537502 0.364688 0.324633 0.0525217 -0.322674 -0.0850951 0.470877 0.277593 -0.137132 -0.108247 -0.54735 0.45674
0.280198 -0.0433478 0.0632881 -0.686488 -0.153913 0.421989 0.310393 0.104577 -0.00465432 0.251846 -0.0889818 -0.526422 -0.00196034 0.127478 0.355022 -0.455746 -0.038868 -0.0238131 -0.348246 0.154216
0.236339 -0.091925 0.649877 -0.100991 -0.141254 -0.15042 -0.257883 -0.176779 -0.453499 -0.060568 0.0181749 -0.721886 -0.0322393 0.013324 0.162727 0.380939 0.269222 -0.196176 -0.232874 0.183255
-0.173065 -0.388345 0.75077 -0.0982596 -0.198124 -0.693212 0.269237 -0.312413 0.00905061 0.306306 -0.307458 0.0251346 0.481864 -0.776892 -0.256304 -0.286041 -0.0591046 -0.0151128 -0.335601 -0.206931
-0.244515 -0.110929 0.0690081 0.287946 0.333725 0.206697 -0.276375 -0.00104226 0.750829 0.320823 -0.1393 0.500284 -0.122718 -0.211367 0.441369 -0.414147 -0.60519 0.29766 0.00875664 0.0402765
-0.114292 -0.0754182 -0.144867 -0.197956 -0.120771 -0.130745 -0.262021 -0.172398 -0.791442 0.216503 0.123409 -0.0268505 0.0750486 0.0865128 -0.228949 -0.168417 0.167068 0.0656184 0.646155 0.512166
0.295044 -0.240882 -0.178529 -0.316875 0.088467 -0.866766 -0.145028 -0.0969922 -0.482023 0.252266 -0.360228 0.0846677 0.880308 -0.509445 -0.0469761 -0.12885 -0.190359 0.240413 0.349852 0.244013
-0.22874 0.76965 -0.5598 -0.326546 0.0536731 0.0282688 0.154333 0.499682 -0.0379002 0.0359644 -0.188002 0.186046 -0.100712 -0.100895 0.171864 0.327271 -0.698265 0.114088 -0.0854458 0.299663
-0.0790957 0.411429 -0.213901 -0.705292 0.332543 -0.266752 -0.49972 0.00507654 -0.0756349 0.260289 0.282205 0.0302378 -0.279803 0.0907388 0.052239 0.179914 -0.276638 -0.126609 0.16108 0.394439
0.305451 0.025948 -0.154128 0.127699 -0.345128 -0.258359 0.477432 0.127134 -0.109898 0.262197 0.406977 -0.140607 -0.135158 -0.174762 0.304796 0.307866 0.438261 0.318948 -0.516153 0.0888487
-0.334691 -0.162198 0.0539466 0.264229 -0.281709 -0.735141 0.0570889 0.835971 -0.0641456 0.014836 0.56357 0.186661 0.0685775 0.13981 0.0791341 -0.360422 -0.424202 0.596667 0.058149 0.031653
-0.0285325 0.246997 0.802805 0.165688 -0.185969 -0.0421851 0.338679 -0.184298 0.269504 -0.733882 -0.0726943 0.198635 0.401649 -0.258824 -0.475216 -0.0824517 -0.355889 -0.0471295 -0.00210401 -0.41715
0.254386 -0.0497154 0.341671 -0.58341 -0.321664 0.163385 -0.252701 -0.0520307 0.00022108 0.0500449 -0.214265 0.0472086 -0.247462 0.213226 -0.0363169 0.0490269 0.812682 -0.350097 0.439108 -0.840961
-0.65724 -0.392325 -0.372367 0.0644162 0.0916562 -0.0805815 -0.0473956 0.166894 0.263489 -0.419488 -0.11444 -0.0220062 0.15347 -0.244339 -0.0282141 0.00948164 -0.222773 -0.230313 0.0312262 -0.0412188
0 0 0 0 0 0 0 0 0 0 0 0 0 0 0 0 0 0 0 0 0 0 0 0 0 0 0 0 0 0 0 0
-0.322112 0.0252044 -0.407398 0.137966 0.501394 0.179398 -0.117287 0.131734 0.405133 0.392624 -0.250939 0.127574 -0.0395254 0.201648 0.0959035 -0.59243 -0.0870033 0.0496396 -0.358591 0.145256 -0.381004 -0.19961 0.335328 -0.220944 0.143492 -0.438393 0.520329 -0.0761384 0.0238302 0.0447592 0.151892 -0.379795
-0.00133412 -0.164692 -0.422389 0.246781 -0.0880432 0.0606301 0.0449614 -0.0837131 0.493757 -0.0118162 -0.389488 -0.100095 0.124934 0.133149 -0.271945 0.232371 -0.440717 0.286034 -0.329837 -0.0565613 0.266142 0.0299014 0.204175 0.154665 0.321567 0.265552 -0.113436 0.158235 -0.381638 -0.0144762 0.204621 0.0334619
0.11166 -0.0533181 0.282267 -0.0201039 -0.116363 0.221629 -0.35129 0.125258 -0.260621 0.319482 -0.0652568 0.0337462 0.103143 -0.482421 -0.162646 0.260886 0.216941 0.0707581 -0.337366 0.146376 0.17835 0.0117543 0.305793 -0.170858 -0.127464 -0.621153 0.229957 0.0784655 -0.420455 -0.43965 -0.218158 0.198414
-0.0750901 -0.201197 -0.251529 -0.262728 -0.48342 -0.301849 -0.267645 0.170656 -0.0414308 -0.206396 0.577431 -0.165974 0.291776 0.405277 -0.39249 0.0184907 -0.129383 -0.149731 0.138844 -0.155718 -0.123992 -0.0420287 -0.0933498 -0.293393 0.198977 0.262133 0.0859046 -0.0941382 -0.176303 -0.175905 0.589344 0.23446
-0.210028 0.0411745 -0.0906338 0.14595 0.135875 0.270902 -0.212639 0.0261838 -0.437137 -0.314335 0.221025 -0.237671 -0.210227 -0.00206952 0.17369 -0.265207 -0.870202 -0.217556 0.301407 0.0857838 0.330969 -0.282954 -0.409849 0.115637 0.0600057 0.0763886 0.233249 0.105421 0.101404 0.178752 0.125604 0.214361
0.25213 0.382922 -0.162298 0.120141 -0.0925808 -0.20839 -0.172385 0.123739 0.104563 0.100103 -0.0564284 0.000853688 0.204438 -0.372348 0.00616052 0.022489 0.188326 -0.337562 0.373783 0.0534076 0.0666451 -0.100345 0.134506 0.0119885 0.302245 -0.360374 0.0438865 0.102128 -0.0465931 -0.101166 -0.0907393 0.0436598
-0.45249 0.241254 -0.120033 0.0319507 0.0917756 -0.131451 -0.0327596 -0.50881 0.183031 0.270017 -0.425248 -0.101623 -0.307467 -0.0444351 0.162159 0.246827 0.280463 0.327636 -0.0556032 -0.28674 -0.0286476 0.158317 -0.306815 0.415034 0.224472 -0.0516418 -0.177718 -0.16728 0.0185516 -0.0573507 0.237626 -0.085744
0.126375 -0.00723122 0.0674173 -0.0575141 0.176929 0.180635 0.114982 0.151879 -0.236092 0.0808114 0.3123 0.122851 -0.257679 -0.0124416 0.0937445 -0.18935 -0.339568 -0.0790245 -0.185208 -0.00357226 -0.397851 0.141175 -0.158651 0.248938 -0.0692247 -0.00634726 -0.0432587 -0.17204 0.61807 -0.123967 0.25588 -0.273407
0.0930329 0.119718 -0.00604424 -0.142751 -0.0658305 -0.100822 0.600507 -0.00565077 0.131222 0.445406 -0.21908 0.00941506 -0.0672965 -0.0215346 -0.044753 -0.182969 0.0488526 -0.265658 0.247221 0.155827 -0.123366 -0.111246 0.0688776 -0.199636 0.452995 0.0894814 0.0983158 0.170361 -0.144866 0.272252 0.0286333 0.237536
-0.0494883 0.32932 0.100336 0.545627 -0.0923804 0.0511373 -0.257894 -0.132325 0.154672 0.282331 0.741253 -0.0241572 -0.233303 0.188331 -0.281957 0.141069 -0.125564 0.0528987 0.272762 -0.0276834 0.23322 0.21829 -0.466083 -0.2254 -0.390452 0.500434 -0.026348 0.445207 -0.408238 -0.143192 0.200125 0.0448187
0.133215 -0.313452 0.344201 0.194254 0.100406 -0.171403 0.08095 -0.0728725 -0.412623 -0.0126057 -0.0391826 0.2656 -0.558607 0.0588 -0.288892 0.0798058 0.09357 -0.0217112 0.201823 -0.311442 0.27693 -0.17702 -0.388975 -0.068099 -0.523789 0.0635435 -0.0648126 0.308422 0.162231 -0.347999 -0.209597 0.130166
0.21177 0.305625 0.303627 -0.0223807 0.0906639 0.324685 -0.0758271 0.0949315 -0.0817202 -0.137737 0.0120963 -0.171886 -0.032729 -0.258739 -0.0474986 0.112098 -0.147191 0.00232294 0.0348356 0.113134 -0.033395 0.271467 -0.52523 0.734438 -0.217783 0.100848 -0.234617 0.161067 0.0691423 -0.162678 0.268272 -0.0409902
0.136804 -0.22929 -0.0077219 0.500852 0.240741 0.0769052 -0.11223 0.0168746 0.0493915 0.112307 -0.269165 0.167102 -0.272398 0.407781 -0.192907 0.0741571 0.251286 -0.063095 0.08515 0.358795 0.141101 0.0888877 -0.421196 -0.233431 0.26173 0.142488 0.180367 0.158849 0.322439 -0.06535 0.030125 -0.257169
-0.319506 -0.410935 -0.221291 0.38814 -0.388182 -0.075884 -0.323286 -0.150243 0.0424234 -0.175029 0.272416 0.383495 -0.562274 -0.170748 0.0147855 0.281529 -0.113561 -0.00498385 -0.289186 -0.383199 0.361346 -0.456017 0.582155 0.181288 0.169993 0.143867 -0.0631714 0.0980211 -0.0472242 0.138268 -0.00842163 -0.237587
-0.217643 -0.246068 0.242725 -0.154362 -0.478026 0.0992097 0.378629 0.193271 -0.150831 -0.396703 -0.033567 -0.039806 -0.2423 0.137759 0.461657 0.0555707 0.0401191 -0.234307 0.349354 -0.018786 -0.144741 0.0159221 0.11799 0.0348038 0.301538 0.0959929 -0.0709854 0.100298 0.124909 -0.324094 0.287355 -0.075226
-0.0688308 0.187844 0.186791 -0.175208 0.200725 -0.140112 0.454893 -0.207048 0.0598694 -0.195504 0.555674 -0.309455 0.131091 -0.183728 -0.0885269 0.113384 0.306146 0.405849 -0.384237 0.0669378 0.364873 -0.421328 0.0785959 -0.000520948 0.103635 -0.193076 -0.358905 -0.478277 0.244096 0.276012 0.0756713 -0.133537
-0.405761 0.140836 -0.275195 -0.177825 -0.146641 -0.0493838 -0.18976 0.00836469 -0.155455 0.175343 0.257766 0.0271357 0.115657 0.529464 -0.293151 -0.308367 0.173749 0.486636 -0.0651246 0.431708 0.0241084 -0.170222 -0.247673 0.157353 -0.22874 0.0203192 0.395866 -0.0766951 0.328502 -0.303636 -0.133477 -0.351786
0.0182492 0.19502 0.0187968 0.306763 -0.187295 0.0563357 -0.131867 0.0904191 0.125934 0.145599 -0.267649 -0.222437 -0.176072 -0.0597202 0.0217966 0.177022 -0.212025 -0.400255 0.538936 -0.282863 0.209081 0.00781672 0.0628264 -0.000387627 -0.0962105 0.115993 -0.109647 0.291576 0.14211 0.149899 -0.126781 -0.0590887
-0.296978 -0.088254 -0.259144 0.328267 0.012634 0.0426243 -0.0562866 0.0493947 0.616219 -0.0750351 -0.162603 0.132423 -0.63143 0.0159892 -0.0929282 -0.248078 0.126939 0.0134971 -0.450602 -0.161632 -0.722068 0.0733173 0.0708249 -0.19832 0.135028 -0.320625 -0.241629 0.104298 -0.172167 -0.0156642 -0.140912 -0.102733
-0.0918061 -0.176689 0.0756124 -0.156982 0.00392168 -0.182183 -0.383575 0.228109 0.124882 0.572171 -0.260993 -0.0522401 -0.0321269 0.247342 -0.126777 -0.29276 0.301952 -0.0791625 0.219661 0.19055 -0.00747262 -0.0435785 -0.0978912 -0.00379828 0.215775 -0.19911 0.0272114 -0.279658 -0.248527 -0.00773475 -0.490039 0.51514
-0.298265 -0.0100221 0.292054 -0.215726 -0.575674 -0.111236 -0.218705 -0.569093 0.0712225 0.0517735 0.285582 -0.280206 -0.399784 -0.101681 -0.0220857 0.230337 0.352642 0.30362 0.0691359 0.199875 -0.160123 0.0420988 -0.297823 0.0156713 0.0221617 0.430532 -0.0572457 0.0225107 0.0592404 -0.113705 -0.200623 0.324703
-0.245229 -0.33198 0.170066 0.289454 -0.112852 -0.109013 0.0706359 -0.176963 -0.195428 0.219898 0.151783 0.32779 -0.313147 -0.125616 0.0702949 -0.231405 0.160422 0.306157 -0.145839 0.00964799 0.363905 0.449818 0.18645 0.148357 -0.213434 0.0898024 0.139205 -0.0525925 -0.148694 -0.320324 -0.434432 -0.486971
0.144861 0.0369248 -0.120953 -0.0828641 0.0526176 -0.0411408 -0.335138 0.22825 0.0760315 0.0664746 0.209391 -0.203411 0.303433 -0.0350107 0.22215 0.183612 -0.2597 0.125725 0.0815687 0.00757791 -0.023593 -0.0214733 0.203172 0.144478 0.00761972 -0.372984 0.123611 0.180903 0.575103 0.268858 -0.474794 0.0196074
0.452844 0.155887 0.082163 0.225057 -0.155595 0.119523 -0.062617 -0.00490587 0.207114 -0.231678 0.321996 -0.105703 0.0651657 -0.350127 0.179959 0.361626 -0.12866 -0.277556 0.0694958 0.363703 -0.362464 -0.276577 -0.113547 -0.205086 -0.204296 -0.52353 0.147264 0.0846801 -0.424712 0.364299 0.420273 -0.187726
0.291637 -0.143249 0.0452791 -0.208941 0.553563 -0.0740043 0.0316123 -0.171984 0.465329 0.471654 0.407732 0.23911 -0.156197 0.206963 -0.0017607 0.328102 0.278976 -0.162316 0.236956 0.170509 -0.693391 0.200234 -0.107949 -0.221511 -0.210815 -0.0338107 0.120015 -0.341366 0.047462 0.14419 0.465451 -0.269173
-0.087403 0.0654157 0.286852 -0.076056 0.29966 -0.484341 -0.313337 0.0871611 -0.352706 -0.293618 -0.131944 0.19286 -0.473991 0.0425746 0.258241 -0.0487363 -0.0922076 0.100443 -0.0480278 0.347625 -0.277853 -0.012911 0.0514216 -0.0946135 -0.717821 -0.0402263 0.225044 0.194527 0.0886946 -0.274466 0.0988274 -0.143359
0.0883707 0.0303763 -0.244094 -0.223114 0.0887556 -0.0552783 -0.21007 -0.230708 -0.0759577 0.392026 -0.13152 -0.00350489 0.0254111 -0.282757 -0.440708 -0.25666 0.0617693 0.0218328 0.175602 0.0241875 -0.0273873 -0.151003 0.221152 -0.229795 -0.2776 0.141764 -0.333289 0.603698 0.0199983 0.0869765 -0.202105 -0.0788162
-0.106689 -0.135459 0.15824 -0.112394 0.254375 0.665796 -0.0738853 0.0380789 0.0948705 0.452876 -0.0206619 -0.207254 -0.316585 -0.014496 -0.112095 0.502502 0.442466 -0.258593 -0.17769 0.0184425 0.349307 0.0142533 -0.16181 -0.0147205 -0.157121 0.150619 -0.177258 -0.127609 0.290483 -0.192091 -0.361532 0.0237484
-0.0901183 0.127854 0.079368 -0.00797962 -0.0152609 -0.183965 0.0208368 0.220321 -0.243362 -0.00134934 0.259597 0.126356 0.327368 -0.142036 -0.457692 0.050163 0.0906427 0.342105 0.297036 0.134186 0.191348 -0.0479554 -0.304779 0.0294303 0.245643 0.16409 0.208452 -0.106939 -0.0663867 0.120856 -0.136627 -0.128929
0.0744956 0.190226 -0.0498822 -0.290797 -0.183951 0.050918 0.0478802 0.0603095 0.130324 0.00145264 0.066264 -0.0112567 0.287183 0.358086 -0.297253 -0.063813 0.00818112 -0.0667287 0.448231 0.0559888 -0.201343 0.149111 0.0677436 0.0760482 0.451969 0.0876963 -0.0759154 -0.488819 -0.0413498 0.326492 -0.0227923 -0.560012
-0.124591 0.248172 0.136454 -0.20997 -0.141321 -0.102677 -0.165678 -0.507418 0.190898 0.314265 -0.379612 0.310963 -0.0257558 0.306283 0.00948761 0.0338861 0.0931087 -0.197517 0.298669 -0.280345 -0.100517 0.131066 -0.127299 0.194383 0.343967 0.253137 -0.484029 0.0314618 0.257171 -0.329187 0.180903 0.166865
-0.303022 0.208558 0.0681745 0.162595 -0.241578 0.037534 -0.42622 -0.569248 0.0352071 0.275149 0.0632342 -0.0158615 -0.0468835 -0.235641 -0.0554652 0.105421 -0.108806 0.187647 0.0489938 0.0792449 0.222166 -0.131689 0.164845 -0.0966192 0.0848786 -0.161443 -0.227676 0.0229662 -0.4713 -0.0740669 -0.401594 0.194809
0.262528 -0.215988 0.107078 0.224784 0.225617 0.0536127 0.183576 -0.162333 0.0207806 -0.116776 -0.183447 0.00901585 0.0868826 0.290877 0.0662889 0.160483 0.163321 0.671884 -0.452508 -0.171983 0.368514 -0.0880033 0.221451 0.0575024 0.526301 -0.278264 0.30545 0.437395 -0.253605 0.195718 -0.241375 0.00754039
-0.064147 -0.600688 0.106059 0.0358348 0.36977 0.152786 0.572721 0.0267606 -0.0263825 -0.0460892 -0.109897 -0.551938 -0.0550487 -0.516964 0.113008 -0.310015 -0.223583 -0.167353 -0.0512337 0.00171706 0.27112 -0.144383 0.120037 0.682717 0.0943377 -0.0451224 -0.194788 -0.0485829 -0.221555 0.0671654 0.025886 -0.540555
-0.0046395 0.269037 -0.099778 -0.163224 -0.344425 -0.464498 0.207837 -0.0453696 0.193005 0.382831 0.230312 -0.135593 0.0362169 -0.153693 -0.177072 0.0857038 -0.208073 -0.552288 -0.222037 -0.0767203 0.38035 -0.122734 0.127981 -0.0420771 0.306601 0.289274 0.294044 -0.433496 0.051681 0.189735 0.0953846 0.159149
0.0145877 -0.186196 -0.424274 -0.161392 0.669527 -0.121413 -0.489848 0.183162 0.213865 0.321831 0.117745 0.2114 0.460054 -0.186368 -0.235963 -0.273647 -0.0664424 0.358356 0.132017 0.122173 -0.454827 -0.173297 -0.458914 0.292811 0.396412 0.194892 -0.246697 0.370506 -0.0633137 -0.303615 -0.241101 -0.107539
0.0123946 -0.0403361 -0.353167 0.303329 -0.0376515 -0.178438 0.277576 -0.295852 -0.407223 0.318122 0.472847 -0.115524 -0.0114925 -0.286666 0.00137314 -0.118926 -0.0255321 0.102315 -0.274536 -0.0904528 -0.450945 -0.0887468 -0.0233585 0.0572456 0.0598941 0.225981 -0.384917 -0.371569 0.132239 -0.50974 0.0458251 -0.295073
0.393204 0.0626131 -0.054789 0.30693 -0.26585 -0.218352 -0.315364 -0.21626 0.0152789 0.123488 0.240355 -0.456181 -0.0429657 -0.277041 -0.0513218 0.583541 0.0729654 0.224866 0.490173 0.28184 -0.111979 -0.318958 -0.00753607 -0.141926 -0.38113 0.0602312 0.0664716 0.442279 -0.0904408 0.0700304 -0.166371 0.218292
-0.0311544 -0.293148 -0.00336796 0.0976307 0.0638183 0.261474 -0.362014 -0.210686 0.159947 -0.181317 0.0601178 -0.604936 0.678987 -0.0674296 0.298489 -0.0842245 0.103675 0.37298 0.291452 -0.0511137 -0.0338136 0.250892 0.583311 0.0480706 0.489266 -0.0603536 0.23799 0.275289 -0.10249 -0.18677 0.286347 -0.132889
-0.223587 -0.17099 -0.133903 0.214154 0.128761 0.178915 0.105345 -0.14846 0.174276 0.295613 0.146126 0.112414 -0.191764 0.0529543 -0.20506 -0.00600697 -0.410067 -0.40814 -0.0477619 -0.13711 0.0266968 -0.0336921 0.0075477 0.152152 -0.115817 -0.054861 0.363755 0.00077103 -0.0448026 0.0206282 -0.0403411 -0.177393
-0.249507 -0.190858 0.21823 -0.157476 -0.0387311 0.175184 -0.0695978 0.15834 -0.385198 -0.0331292 0.019724 0.00578467 -0.41323 0.300778 -0.213668 0.0837593 0.00199107 0.250927 0.546872 -0.322591 -0.162228 0.0472731 -0.276338 0.195546 0.210843 0.139862 0.0591454 0.342427 -0.288906 0.0163171 -0.184701 0.222479
-0.458335 -0.00702096 0.0838097 -0.236873 -0.156548 0.00384475 0.238774 -0.258217 -0.214612 0.281397 -0.0682438 -0.194385 0.182171 -0.122049 0.256855 -0.16593 -0.0398986 0.236243 -0.0565652 0.189013 -0.0163869 0.495423 0.392195 -0.332024 0.130561 -0.204101 0.0478767 0.0170927 -0.263847 0.264621 0.0508257 -0.0711708
-0.109527 0.0349442 0.101981 -0.0312439 -0.70813 0.00422268 -0.360371 -0.0523631 -0.351141 -0.354124 0.30878 -0.080023 -0.0991655 0.120631 -0.0926476 0.525952 -0.0682549 0.0912813 0.242735 0.400563 -0.185502 -0.104491 0.318648 0.202516 0.268794 -0.342176 0.387 -0.190352 0.0480732 -0.0370557 -0.219621 -0.353134
-0.435962 0.0297546 -0.38133 -0.283454 -0.054509 -0.659702 0.194745 -0.602472 -0.0193431 0.00375481 0.134515 -0.0104202 0.504477 0.0540792 0.263403 -0.180866 0.0301892 0.386893 -0.0594238 0.0480587 0.245213 -0.185557 -0.54039 0.0638934 0.247167 -0.337861 0.167555 0.169242 -0.568374 -0.234072 -0.0989572 -0.044906
-0.185784 -0.199251 0.417871 -0.0268898 -0.173761 -0.0102924 0.134273 0.0129066 -0.0514319 -0.162504 -0.165533 -0.149452 0.0847036 -0.248545 0.0983173 0.353249 0.0814268 -0.0923964 -0.324532 0.394527 -0.292504 0.212141 0.159629 -0.0591921 -0.0657447 -0.458928 0.0825162 0.154982 -0.27227 -0.0389554 0.00946548 0.146143
0.000950768 -0.40658 -0.132484 0.0561564 0.210382 -0.154409 0.546912 -0.473618 -0.140925 -0.0207584 -0.0501873 -0.308036 0.111965 0.0927735 0.0119904 0.082961 -0.105944 -0.404341 -0.17916 0.0392636 0.0406861 0.0103448 0.137177 -0.145287 0.00667026 0.143023 -0.0212225 -0.310831 -0.240372 0.207713 0.348118 0.293821
0.058039 -0.300783 -0.00158789 0.390564 0.154622 -0.0518694 0.157156 -0.317349 -0.173918 -0.271048 0.117393 0.178526 -0.0384565 -0.218232 -0.00493728 -0.121645 -0.199043 0.0847484 -0.189498 -0.391587 -0.336029 -0.400815 0.061878 0.0376014 0.02513 0.146933 0.29799 -0.148067 0.101619 -0.394904 0.344677 -0.311208
-0.17752 -0.149427 -0.381568 0.00814389 0.053476 -0.0473534 -0.385062 0.495847 0.137308 0.658556 -0.201277 0.239471 0.194818 -0.0726438 0.352763 -0.101353 -0.0902229 -0.867857 0.102257 -0.331377 -0.13768 -0.256555 -0.0915579 0.11097 0.00278539 0.17741 0.316407 -0.092199 -0.119642 0.239432 0.259262 0.185148
-0.238045 0.105664 0.0273677 0.263132 -0.143218 -0.416653 0.172559 -0.639592 -0.182878 -0.255799 -0.257484 -0.187258 0.304343 0.205139 -0.0629327 0.283406 -0.265574 -0.299571 0.215899 0.144911 -0.115066 -0.283865 0.364933 -0.430026 -0.149606 0.0571441 0.450541 0.0957751 0.120076 -0.142346 0.14212 0.0263273
-0.397116 0.198234 0.242598 0.200841 0.00833198 -0.239044 -0.577296 0.0392634 0.270486 0.248883 0.204018 -0.0185527 0.271866 0.23104 -0.105658 0.16915 -0.13399 0.135006 -0.324779 -0.305553 0.264552 0.23439 0.158403 0.0219922 -0.597819 -0.018719 0.113546 -0.133683 -0.178124 0.361105 -0.0150722 0.113699
0.193533 -0.250359 0.0483019 0.329911 0.454806 0.00998409 -0.0594859 0.067256 0.0609093 0.34669 -0.249098 -0.0699683 -0.279285 -0.253024 0.0941435 0.202464 -0.162348 0.193024 0.277895 0.483677 0.0174367 -0.159941 -0.250618 -0.275448 0.312445 -0.378774 0.304437 -0.21711 -0.171302 -0.0378889 -0.175914 0.232995
0.453336 -0.164358 -0.108059 -0.0408302 0.135264 -0.0383711 0.346814 0.286656 -0.296366 0.130242 0.380085 -0.123695 -0.0735662 -0.132009 -0.126769 -0.417113 -0.332079 0.0193684 0.378399 -0.15334 -0.160689 0.42538 -0.277064 -0.415311 -0.207129 -0.165696 -0.436863 -0.0320104 0.237112 -0.321489 0.0218946 0.0989839
-0.0208461 0.0464231 0.0493318 -0.203182 0.374646 0.311939 0.297478 0.253419 -0.393745 0.231516 0.1639 -0.384131 -0.0537276 0.0691984 0.416079 0.181181 -0.216141 0.423847 0.0109449 -0.0639603 -0.0817796 -0.405889 -0.0274424 0.124371 -0.0963458 0.105113 -0.216098 -0.035232 0.0791351 0.0474152 -0.401366 -0.109751
0.419366 -0.123112 0.00395188 -0.0216889 0.39206 0.322592 0.201883 -0.243311 0.0897958 0.141985 -0.174651 -0.217629 0.426254 -0.0752008 0.403744 0.249273 0.101969 0.113133 -0.350105 0.0516937 0.354255 0.170335 0.0385842 0.427984 -0.0462602 -0.154889 0.038458 0.191617 -0.429449 0.0712172 0.202586 -0.0674104
0.276741 0.160297 0.535346 -0.187651 0.207677 -0.254331 -0.403842 -0.508883 0.134581 0.046062 -0.119763 -0.443376 -0.172597 0.00102325 0.198292 -0.00413394 0.0630151 -0.0940331 0.437306 -0.254562 -0.17481 -0.12309 0.135676 -0.259715 0.0339297 0.0412276 -0.173589 0.0824949 -0.251953 -0.279269 0.0249014 -0.414939
-0.536201 0.133208 0.262242 -0.116701 -0.167018 0.251384 -0.286385 -0.340843 0.176909 0.00225955 0.266219 -0.535066 -0.350168 0.00358301 0.104418 0.211749 0.0437044 0.0411638 -0.0973504 0.397726 -0.275756 0.089755 -0.246952 0.133695 -0.259254 0.185954 0.0280262 0.43616 -0.0702549 0.106242 -0.194914 -0.0719733
0.0264374 -0.381805 -0.354406 0.149965 -0.0365217 -0.148232 -0.184247 -0.174622 0.0281377 0.111259 -0.523027 0.353209 0.335425 -0.582664 0.271482 0.263805 0.000111375 -0.324292 0.253807 -0.0603078 0.13722 0.5548 0.0629592 -0.229221 -0.0839327 -0.197361 0.108372 -0.201517 -0.118213 -0.321108 -0.0330217 0.0441887
-0.671197 0.0648934 -0.0114251 -0.191248 0.507157 0.239619 -0.274101 0.209559 0.311125 0.0330052 0.0903605 0.0845867 -0.521454 -0.0467174 -0.0597282 0.357539 0.083432 -0.0744027 -0.0225312 0.255846 -0.0461462 -0.174549 -0.0689255 0.235174 0.124041 0.011067 0.0478848 -0.139936 -0.0484874 -0.165826 -0.0736948 0.336545
-0.269468 -0.172179 -0.313575 -0.367727 -0.046693 -0.154402 0.440422 -0.0707116 0.322349 0.242002 -0.0522385 0.527534 0.0671335 0.378252 0.349149 0.103662 0.187783 0.156018 -0.286065 0.0143226 0.268562 0.381547 -0.18016 0.132208 0.0377175 -0.0294685 0.0890006 0.0544993 0.135352 0.360429 0.196032 0.0776478
0.466156 0.277482 -0.0230996 -0.30428 -0.246958 0.233308 -0.157578 -0.252014 -0.189521 -0.171846 0.212662 -0.0391855 -0.343094 0.00776122 0.0555665 -0.119834 0.288971 -0.105235 0.277084 0.149196 0.231651 -0.274638 0.0245776 -0.013207 -0.355502 0.276265 -0.20435 -0.152392 -0.253329 0.175297 -0.381482 0.154469
0.261129 0.134295 0.178157 0.189887 -0.237356 0.358684 -0.115019 -0.0165969 -0.0831593 0.122886 -0.134509 0.0167289 -0.308836 0.291166 0.167685 -0.0730649 -0.117287 0.161157 -0.176823 0.0313413 0.29035 -0.202814 0.0921502 0.0789313 -0.0243342 -0.125947 0.303699 -0.149392 -0.45301 0.160133 -0.300326 0.17297
0.333726 0.157437 0.267853 0.505012 0.24169 0.0826433 0.408487 0.438694 0.442193 -0.123036 -0.338505 -0.138298 0.17591 0.0397897 -0.0516202 0.14012 -0.367701 0.0352923 0.279614 0.137329 0.172952 0.399343 -0.0165358 -0.163273 0.297379 0.29278 0.139573 -0.0400928 0.000344913 -0.319193 0.278237 0.269413
-0.327921 0.216908 0.101025 -0.255494 -0.3015 0.0933733 -0.099426 0.454987 0.23815 0.118423 0.13077 0.332717 0.21163 0.124942 -0.245065 0.765487 -0.275796 -0.0781357 -0.413682 0.1347 0.0377776 0.191319 -0.434766 0.278226 -0.201859 -0.0372513 0.232893 0.0653167 0.0829856 0.199795 0.107198 -0.085277
-0.0416173 0.0529697 -0.223889 0.249002 0.0721635 0.0186941 0.298124 -0.0300284 -0.0456053 -0.121157 0.0857668 0.0771125 -0.166571 -0.0444235 -0.164901 -0.176217 -0.432474 -0.0577276 -0.425553 -0.115704 -0.153174 0.262974 -0.253734 -0.190297 -0.095381 -0.145036 0.342314 -0.284642 -0.0948511 0.0830163 0.220296 -0.0950604
-0.479525 -0.0375261 0.338007 0.0705469 0.0591045 -0.265754 -0.291418 0.00451041 -0.356595 0.195341 -0.211662 -0.00616432 -0.471442 -0.0984505 -0.296465 -0.580489 0.135461 0.41029 0.282368 0.170423 -0.10353 0.201473 0.305963 0.0342055 -0.29609 -0.124846 0.425674 -0.018686 -0.831189 -0.367231 -0.106112 0.258956
-0.0682806 0.263608 -0.131541 -0.491073 -0.12289 0.0862362 0.0654876 -0.313777 -0.0877991 0.671169 -0.308317 0.165181 -0.524169 0.215948 -0.223081 0.100522 -0.322881 0.0727132 -0.227163 -0.178762 0.110497 -0.107596 0.0950954 -0.0477103 0.0168734 0.111272 -0.0875046 -0.249012 -0.133078 0.298785 0.0290433 -0.211225
0.10039 0.117079 0.13 -0.244459 -0.170598 -0.169207 -0.090162 0.13473 0.0740462 0.0938042 0.338505 0.172223 -0.0354504 -0.295971 -0.178637 -0.0654263 0.207282 -0.00683298 -0.164049 -0.183223 -0.0173946 0.222497 0.397755 -0.0514422 -0.0111858 -0.303485 0.484798 -0.350251 0.292916 -0.091334 -0.149842 -0.277501
0.602512 0.0553729 0.00532011 0.221683 -0.162708 0.000461491 0.0140841 -0.128036 0.29991 -0.0546636 -0.388283 -0.0753743 0.0622947 -0.223373 -0.203649 -0.136565 0.305309 -0.12179 0.357279 -0.153738 0.0812535 -0.111561 0.188521 -0.279569 0.185715 0.0284674 -0.159998 -0.0415554 0.383464 0.0344611 -0.175682 -0.301173
0.126351 0.0489613 0.173755 -0.365556 -0.293065 0.28672 0.0828354 0.13335 -0.240672 -0.245247 0.247815 0.259594 -0.27208 -0.319843 -0.0271482 -0.199837 -0.205044 -0.312845 -0.117108 -0.288674 -0.27385 0.074598 -0.0137996 0.12122 -0.412258 0.00247015 0.518909 -0.0930681 0.206187 0.204002 0.2163 0.0416654
0.141521 0.174753 0.158862 -0.279355 -0.426846 -0.388396 -0.06754 0.148482 -0.276103 0.230993 -0.125569 -0.123189 -0.209027 -0.471197 0.0573285 0.428167 -0.0156661 -0.462658 0.195086 -0.4062 -0.302259 -0.0595845 0.0307109 -0.252166 -0.069329 0.178791 0.213045 0.312864 0.477355 0.202472 -0.0541841 0.214828
0.116679 0.126592 0.0443047 -0.228014 -0.257024 -0.0242795 0.0372275 -0.16986 0.105836 0.520191 -0.436083 0.145561 -0.0164937 0.112664 -0.107679 -0.036515 0.0323751 -0.0754085 -0.380135 -0.0584788 -0.354108 0.163298 -0.466386 0.257164 0.107391 0.108347 -0.541077 -0.0821499 0.288391 -0.129652 -0.269516 -0.159168
-0.0170694 -0.212843 0.308454 -0.0161669 -0.138892 -0.325336 0.121112 0.115417 -0.198052 -0.559082 0.102691 -0.0467008 0.0840178 0.489294 -0.00670796 -0.12846 -0.28683 -0.0781054 0.0401443 0.0133269 0.430866 0.124771 -0.0337002 -0.17664 0.0666682 -0.226752 0.0449578 0.121853 -0.0541131 -0.157572 -0.546324 0.285959
0.100825 0.106904 -0.390338 0.34496 -0.116304 -0.0721988 -0.267322 -0.446736 0.289337 0.321649 -0.041382 -0.169846 -0.094261 -0.0874038 -0.299965 -0.0730638 0.0382755 0.254539 0.00356104 -0.394088 0.088387 -0.0639826 0.342602 0.357364 0.366114 -0.140397 0.497464 0.0877356 0.406595 -0.125655 -0.0746492 0.0685068
0.0379694 0.313703 -0.0580323 0.291154 0.183059 -0.0533481 0.163669 -0.118316 0.587552 -0.666083 0.168236 -0.441149 -0.0564142 -0.021402 0.376908 -0.173038 0.327003 -0.294704 0.336667 -0.118586 0.0183586 -0.0840946 0.320591 0.271935 0.110875 -0.287967 -0.178755 -0.257144 -0.562036 0.31533 -0.0819559 -0.0846235
0.374026 -0.118997 -0.210118 -0.0561864 -0.283167 0.0860889 -0.0934155 -0.126818 -0.148476 -0.0265554 0.0208703 -0.129994 -0.0896915 -0.0203807 -0.0456045 0.00776899 -0.169168 0.251148 0.024207 -0.125962 0.086096 -0.0185921 -0.433457 0.0852382 -0.254877 0.233607 -0.0604374 0.195018 -0.157555 0.0174823 0.302561 -0.0672541
-0.147704 0.16376 0.158915 -0.137187 -0.496365 -0.152506 0.16934 -0.193759 -0.00273446 -0.164371 -0.483042 -0.16887 0.168283 -0.592563 0.0630418 -0.296517 0.152111 0.17858 -0.042987 -0.042417 -0.201591 -0.336396 0.424523 -0.216268 0.391949 -0.214875 0.131298 -0.284452 0.130849 -0.0813968 -0.078129 0.152506
-0.117285 -0.357037 0.190326 -0.286475 0.129129 0.243249 -0.0938735 0.295588 0.120446 -0.173965 0.350357 -0.285418 -0.0941751 -0.0515787 0.151306 0.278858 0.263198 0.0559371 -0.0700673 -0.456496 -0.328536 0.441664 -0.459018 -0.196123 0.286152 0.0524283 0.232011 0.135707 0.367396 0.0738568 0.165862 -0.181062
0.146583 -0.0990315 -0.113276 0.223681 0.225406 0.422111 0.405816 0.229329 -0.430111 0.45692 0.229492 -0.191465 0.182227 -0.259316 0.154658 -0.329068 -0.202055 0.177482 0.268222 0.0813592 -0.0715422 -0.528717 -0.0522553 0.133371 -0.0791913 -0.00564448 -0.0464044 -0.0804265 0.0189693 -0.0681736 0.360822 -0.551605
-0.136461 -0.217564 0.0547776 0.0192862 0.405548 0.487785 -0.193271 0.000125017 0.0490761 -0.199453 0.157096 -0.0598768 -0.266909 -0.0698921 -0.249419 0.259162 0.47539 0.0612048 0.0278192 0.0381087 0.295559 0.290175 -0.0289134 0.0631475 0.163162 -0.284422 0.303152 0.433708 0.291258 -0.311398 -0.4925 0.17718
-0.190047 0.0717833 0.383787 -0.164239 -0.0943887 0.0691807 -0.324377 -0.189464 0.00621438 -0.0751137 0.152102 0.691495 0.0247846 -0.210428 0.35456 -0.397205 -0.347227 -0.148776 -0.0707217 -0.154768 -0.00787808 0.0686855 0.26724 0.0227971 -0.140487 0.253661 -0.204429 -0.408151 0.301489 0.285463 -0.198075 -0.0997747
-0.229232 0.081656 0.433012 0.17572 0.258931 0.204932 -2.97889e-05 0.270835 0.186258 0.359861 -0.114887 -0.434528 0.261313 0.0874424 -0.0740115 -0.0600382 0.638672 -0.160549 -0.213326 0.0213211 0.295123 0.5696 0.164341 -0.317602 0.492716 -0.00486717 -0.209427 -0.269848 0.209082 0.0597074 0.0862689 0.321626
-0.200539 0.341539 -0.129789 0.541002 0.149685 -0.23006 -0.506355 0.202231 -0.0935451 -0.0388914 0.191549 0.252603 0.305928 -0.29371 0.356474 -0.144761 -0.564062 -0.29461 0.0545063 -0.244704 -0.0220111 0.0845631 -0.0453464 -0.123589 -0.312674 0.00548595 -0.516239 -0.1715 -0.231946 -0.0598442 -0.0533324 0.239989
0.395869 -0.279445 0.498208 -0.194824 0.0431317 0.127716 0.611146 -0.135571 -0.449184 0.372595 -0.208343 -0.0903971 -0.279437 -0.0896759 -0.210098 0.16911 0.0201979 -0.170264 0.248968 0.0637492 -0.461512 0.229926 0.046217 0.347683 0.0309794 -0.197927 -0.0510738 0.20098 -0.192684 -0.110074 -0.0554221 -0.287343
-0.189081 0.0431375 0.300619 0.0792867 -0.0114653 -0.207818 0.27379 0.108376 -0.176682 0.224662 0.139894 -0.203383 -0.0253446 -0.123193 0.658384 0.132936 0.0466905 0.118166 0.344791 -0.020845 -0.147477 0.211071 -0.0437361 -0.267474 -0.316172 0.382324 0.0329111 -0.147392 -0.0585837 0.201861 -0.0733514 -0.362355
0.0814602 0.302087 0.285366 -0.139832 0.317293 0.0532375 0.310287 0.143422 -0.380399 0.436685 0.012946 0.144198 -0.336011 0.126332 0.275732 0.48383 0.3501 0.138556 -0.386094 0.0330682 -0.148127 0.0587445 -0.304081 -0.0525417 -0.129296 -0.137042 -0.134559 -0.0339637 0.0715487 -0.624623 -0.594108 -0.0846728
-0.0494423 0.0472778 -0.181918 0.0023663 0.0316308 -0.18364 0.253364 0.0442466 0.13674 0.0172114 0.525918 0.149099 -0.121998 0.205242 -0.409401 0.0299001 0.0797901 0.0327552 -0.0834447 -0.253068 -0.197337 0.0255187 -0.27838 0.442542 -0.660224 -0.0808595 0.0275974 0.126855 -0.228981 0.283574 -0.348458 -0.141532
0.155187 0.260047 -0.351 0.661259 -0.224373 -0.328046 0.125679 -0.0870734 -0.124013 0.148911 -0.381824 -0.425534 -0.149356 0.269475 -0.138514 0.399789 0.300254 0.0707365 0.084931 0.0705006 0.0399294 -0.0915604 -0.062547 -0.26749 -0.552511 0.276018 0.0393146 0.00155284 0.0996123 -0.207099 -0.250266 -0.0709212
0.342025 -0.292185 -0.656766 -0.13035 0.285675 -0.433136 -0.295071 0.0658867 0.642477 -0.339553 -0.349234 0.0846746 0.301169 -0.156025 -0.405349 0.108437 0.15371 0.444664 0.164237 0.207017 -0.0655363 0.610376 -0.0995355 -0.152981 0.452379 -0.368559 -0.461852 0.0298892 -0.000434131 -0.056972 0.248482 -0.227052
0.0160418 -0.0900265 -0.222805 -0.01546 0.213149 0.530142 0.144855 -0.627709 -0.009535 0.0124507 0.234052 0.0462026 0.313272 0.0979177 0.3897 -0.109686 0.0360859 0.20666 -0.143049 -0.197503 -0.157338 -0.187304 0.13064 -0.458702 -0.388993 0.465687 -0.181274 0.0500037 -0.372287 0.0235311 -0.179752 -0.390772
0.33423 0.295641 -0.0268387 0.249855 0.475823 0.188519 0.11992 0.0497374 0.162374 -0.0909799 -0.069159 0.112723 -0.118466 -0.0914499 4.6668e-05 0.287652 -0.283166 0.189795 0.197949 0.196453 -0.201687 -0.42317 0.139925 0.0468847 0.251094 -0.175134 0.19003 0.263603 -0.0238274 0.104232 0.0954916 -0.205367
0.132774 0.405625 0.00555098 -0.365231 -0.171807 -0.444857 0.322565 0.191026 -0.125342 -0.354515 -0.208324 -0.159569 0.0273519 0.0189398 0.335358 -0.173189 -0.377047 -0.289245 -0.00575621 -0.18217 -0.0730021 -0.113508 0.24756 -0.146741 -0.0943355 0.179321 -0.141245 0.105803 0.0828713 0.0354415 -0.283599 0.307444
0.555171 0.00220703 -0.261589 0.00727568 0.247465 -0.153797 -0.0322248 0.0851635 0.300762 0.193856 0.204217 -0.106567 0.10048 -0.180491 0.211382 0.287805 0.138341 -0.0918526 -0.0509318 0.451629 -0.0876776 0.262499 0.0847229 -0.0835341 -0.336162 0.0529001 0.0227752 0.451634 -0.215048 0.573692 0.0947026 0.0944573
-0.148268 0.0786766 0.118263 0.234332 -0.244581 0.351695 0.0903539 0.152057 -0.0552356 -0.232036 0.0181812 0.0468239 -0.346357 0.198321 0.249131 -0.182416 -0.255646 -0.0757403 0.00597377 -0.0660428 -0.0152295 0.0553694 -0.342067 -0.313324 -0.680569 0.235636 0.00380676 0.261963 -0.284434 0.00610184 0.0537066 -0.140446
-0.388357 0.436468 0.349821 -0.0954831 0.127557 -0.121198 -0.248851 0.456815 -0.413842 -0.0713759 0.021081 0.412809 0.224147 -0.418062 -0.000687589 0.00526527 -0.0570846 0.154952 -0.352277 -0.102159 0.119705 0.169894 0.0373549 -0.072098 -0.0299853 0.185102 0.0084752 -0.260462 -0.308374 -0.372409 0.363895 0.201865
-0.026622 -0.113448 -0.143483 0.273309 0.476108 -0.151348 0.284604 0.00700323 -0.0531072 0.376054 -0.00254143 0.0740911 0.0620685 -0.4064 0.0721028 -0.140673 -0.355288 -0.129284 -0.131347 0.257471 -0.265947 -0.197462 0.0588471 -0.331448 -0.164752 -0.416119 0.230003 -0.0753408 -0.00397946 0.229003 -0.180567 -0.0779967
-0.264082 -0.264626 -0.230146 -0.123123 -0.0961989 0.072158 -0.222804 0.0799082 0.12125 -0.116956 -0.201181 0.0212698 -0.0507294 0.0550879 0.392467 0.0171593 -0.159808 -0.222722 -0.21305 -0.365692 0.233186 -0.55832 0.122026 -0.217016 -0.128101 -0.224497 0.361466 0.00407889 0.197595 0.325132 0.0408514 -0.298906
-0.0551607 -0.185562 -0.125876 -0.0236559 -0.0335389 0.103027 0.139326 -0.0335363 0.100867 -0.13734 0.328695 -0.141378 0.299297 -0.369017 -0.0951018 -0.0827445 0.069748 0.215454 -0.312349 -0.276996 -0.350477 0.330046 0.0744012 -0.271093 -0.110774 0.29544 -0.0695298 -0.084297 -0.195324 -0.256248 0.295831 0.418475
-0.246299 0.351236 -0.121847 0.133412 0.352553 -0.0362691 -0.0819855 0.20027 -0.277488 0.286765 0.0357023 -0.144438 -0.151042 -0.345866 -0.134043 -0.0660094 -0.265323 -0.0113662 0.118229 -0.053368 0.165681 -0.201785 0.250846 0.0304537 0.386314 0.603554 -0.117561 -0.107266 -0.0615605 0.148926 0.331492 -0.163202
0.0953111 -0.0339818 0.154527 0.377364 -0.0600821 -0.417467 0.185975 -0.208176 -0.0357789 0.196758 0.0743487 -0.02543 -0.14397 -0.724973 0.17458 -0.0632379 0.378334 0.099507 -0.135281 0.266718 0.287782 -0.054758 0.298411 -0.138827 0.0399119 0.142852 0.196195 0.15538 -0.0831643 0.273424 -0.0311068 -0.142257
-0.138584 0.484997 -0.185496 0.322909 -0.283867 0.121976 0.0742709 0.405307 -0.1636 -0.232666 -0.0291276 0.4162 -0.22104 -0.647104 0.014942 0.237381 -0.253451 0.211983 -0.258978 -0.0366396 0.188171 -0.296866 0.0453783 0.303743 0.118484 -0.180157 0.37968 0.164598 -0.465112 0.216061 -0.142844 0.0491409
0.252001 -0.137401 -0.411398 0.376386 0.291146 -0.021814 0.213355 -0.0923467 0.0242425 -0.036072 -0.082236 0.0898256 -0.302045 -0.0628952 0.0786199 0.459525 -0.291884 0.130138 0.157537 -0.46918 0.102633 0.220071 0.147163 -0.0209818 0.08331 0.0424612 -0.422364 0.0483301 -0.0917676 -0.176206 0.621242 0.313154
-0.287543 0.086659 0.364506 -0.37405 0.0192458 0.0310182 -0.318623 0.0948876 0.279062 0.377012 -0.062341 0.625411 -0.514492 0.0890542 -0.353074 0.0225457 -0.130477 0.126719 -0.0317202 -0.206496 -0.190073 0.483115 0.110881 -0.425532 0.137697 -0.0486692 0.00115027 0.204972 0.295807 -0.214703 -0.00743541 -0.136528
0.149216 -0.0580761 0.00731287 -0.0675692 -0.0265299 0.426163 0.597692 0.094273 -0.0249924 -0.398909 -0.190105 -0.031684 -0.178766 -0.152475 0.393847 0.0071977 0.029553 -0.168548 0.294386 -0.0531447 -0.130216 -0.395188 -0.0152755 -0.138014 0.421145 0.460975 -0.30882 -0.280538 -0.0690799 -0.204009 0.0543541 -0.0816559
0.0701331 0.254023 -0.266055 0.248803 -0.182163 0.537121 0.405244 -0.0282701 -0.240896 -0.288716 0.218407 -0.00760069 0.231717 0.551057 -0.192596 -0.307535 0.0481401 0.28619 -0.235115 0.00865618 0.342511 -0.408219 0.0588295 -0.135026 0.0310391 0.177446 0.0552021 -0.252556 -0.125312 0.356648 0.0822332 0.21008
0.0625738 0.202279 -0.0990365 -0.191878 0.190924 0.281843 -0.22857 -0.143986 -0.0408066 0.404956 0.140784 -0.331022 -0.0232457 -0.0614697 -0.293317 -0.026198 -0.0725094 -0.0904081 -0.101845 0.367848 -0.0909258 0.0124178 -0.0146912 -0.126254 0.0198762 0.0163376 0.0199391 -0.214808 -0.0515311 0.19008 -0.0449541 0.0404455
0.0417593 0.104349 0.139663 -0.0435377 -0.227834 -0.304679 0.254422 0.192563 0.162341 0.202801 -0.040389 -0.156219 -0.245102 -0.272337 0.30304 -0.123286 0.263715 -0.0467215 -0.16906 -0.273591 -0.147039 0.35456 -0.271053 0.529187 -0.210152 0.187487 -0.0363128 -0.0801399 -0.317855 -0.0245982 -0.289572 -0.420394
0.0298997 -0.158856 0.421087 0.250005 0.424358 -0.170221 0.0340344 -0.655168 -0.0704506 0.0246246 0.038512 -0.0105921 0.0166481 -0.678311 0.0640555 0.12086 0.334506 0.0921845 -0.0326843 0.276235 -0.589334 -0.128737 -0.191452 -0.00863045 -0.549673 0.329909 -0.0624525 0.0796992 0.0557728 0.315622 -0.465488 0.0280803
0.286545 -0.0244966 -0.237817 -0.150973 -0.0982355 -0.180263 -0.0382028 0.377062 -0.149341 -0.121918 0.114945 -0.0437051 -0.332296 -0.0152971 -0.0247229 0.24392 -0.243038 0.24558 -0.0244577 -0.276985 -0.327195 0.483597 -0.039979 0.234126 -0.42703 0.659424 0.223311 -0.0638601 -0.0765415 0.18365 0.169295 0.0456323
0.00271969 0.140267 -0.435426 -0.0928187 -0.411716 0.151148 -0.168953 -0.392895 -0.198447 0.0373391 -0.0513071 -0.293289 -0.426217 0.0184832 -0.145192 -0.0645202 -0.0399213 0.107516 0.211737 0.0366273 -0.0801156 0.00619089 -0.0848092 -0.410638 0.272987 0.22586 0.497083 0.570125 -0.294005 -0.08385 0.627885 -0.0101377
0.0610527 -0.380282 0.0375722 0.482985 0.321656 -0.152496 -0.0990791 -0.282725 -0.212791 -0.477553 -0.0212049 0.377528 0.088858 0.34156 0.268312 -0.136702 -0.189877 -0.180296 -0.429265 0.00808256 -0.726116 0.147854 0.0179702 0.11786 0.264254 0.0496987 0.407893 0.155486 -0.189282 -0.0594278 -0.565323 -0.225548
-0.0952491 0.136568 -0.18759 -0.311566 -0.471883 -0.149104 0.487713 0.0677768 0.234895 -0.225014 -0.393362 -0.305269 -0.0242828 -0.498532 -0.251648 -0.14659 -0.330231 -0.530921 0.0724134 0.0114679 0.194757 -0.277606 0.189981 0.382326 0.0655537 -0.152484 0.0362702 -0.164447 -0.206071 0.170815 -0.0347626 0.301274
-0.110606 -0.0852936 -0.141628 -0.280046 0.203606 0.546428 -0.0955568 -0.170124 -0.186331 -0.169933 0.412446 -0.17962 -0.146317 -0.310089 0.0734122 -0.0168074 -0.284295 -0.223207 0.383233 0.00817694 0.0254214 0.0264135 0.348656 -0.261304 -0.0990989 -0.0422413 -0.430294 -0.229035 0.261669 0.190053 0.234267 -0.147273
-0.116424 -0.447016 0.232984 0.274163 0.27098 0.401023 0.105527 0.38922 -0.0501187 -0.441753 0.215181 -0.450972 0.0425505 0.238831 0.0810647 0.569561 -0.491482 -0.0207152 0.00436387 -0.336026 -0.288433 -0.211282 -0.274912 -0.0269987 -0.150741 0.0794771 0.162358 0.145445 -0.102532 0.0711189 0.258782 0.111391
0.464744 0.245545 0.429602 -0.623086 0.024169 -0.0809831 -0.0312449 -0.20124 0.0990499 -0.452089 0.100859 -0.192928 -0.125097 0.109625 0.0196944 0.26348 -0.242376 -0.0201764 0.222193 0.0902999 0.106399 0.277011 -0.101561 -0.154208 0.143976 -0.0373579 0.280551 0.0924434 -0.155838 0.084596 -0.225675 0.236732
-0.349288 0.305516 0.0802191 -0.0411402 0.190834 0.127832 0.332595 0.330265 0.0880726 -0.217943 -0.135377 -0.0179117 0.27043 -0.114097 -0.0932351 0.462088 -0.0260746 -0.158683 0.194162 -0.0140336 -0.3474 0.260229 -0.18676 0.0108964 -0.0170348 0.0575253 -0.547769 -0.0837749 0.281209 0.316361 -0.247823 0.23015
-0.190357 -0.0936331 -0.0804961 0.0272009 0.250342 0.0661461 -0.0315329 0.241828 -0.200665 -0.0193044 0.248945 0.132327 -0.116576 -0.378239 0.0777145 -0.394669 -0.0531253 0.294737 0.14919 -0.505913 0.0501129 -0.0797925 -0.318429 0.0837553 -0.122934 -0.121384 0.0310113 -0.156471 0.023934 -0.148331 -0.134615 0.248232
0.273668 -0.427164 0.186768 0.349648 0.389344 0.130095 -0.264349 0.157495 -0.217313 -0.0857413 0.0957705 -0.20119 -0.2866 0.116443 0.466806 0.310809 0.176797 0.244796 0.15943 0.112475 0.224654 -0.342091 0.0498713 -0.0202371 0.0197257 -0.115343 0.130122 -0.204482 -0.133464 -0.16347 0.215987 -0.00293087
-0.115208 -0.0933574 0.000970162 0.405544 -0.30913 0.168877 0.117966 -0.220741 0.366718 0.13482 -0.126933 -0.464853 0.0572867 -0.0111864 -0.257678 -0.260904 0.217127 -0.488924 0.0785707 -0.0468592 0.124289 -0.0735762 0.0733187 -0.185694 -0.0123012 0.122271 0.037718 0.0950767 -0.23198 -0.147669 -0.143335 -0.0691224
0.339646 -0.0885447 -0.28589 0.135411 0.336661 -0.315303 0.493203 0.103794 0.258473 0.366768 0.243154 -0.0276339 0.304425 0.0636499 0.272621 0.299969 -0.272724 0.198575 -0.045473 0.0345477 0.0317732 0.0217426 0.380881 -0.341612 -0.430586 -0.483323 0.267286 -0.193359 0.0330466 -0.0286793 -0.221594 0.212869
-0.0318657 -0.0594338 0.0582178 0.180193 -0.239744 0.21823 0.362463 -0.356531 0.0695748 -0.0762306 0.174808 -0.304165 0.407235 -0.401974 -0.0610702 0.108574 -0.171584 -0.21085 0.0555589 0.01944 0.00148454 0.214672 -0.0986182 0.0798982 -0.126651 -0.212332 -0.0711897 -0.124691 -0.112201 0.291332 -0.0635259 -0.165727
0.00701969 0.026057 -0.29672 -0.0746016 -0.0846711 -0.0430361 0.181382 0.034168 0.306984 -0.00291509 0.444022 -0.115194 -0.192391 0.136826 0.34102 -0.344701 -0.0492477 -0.152695 0.0357127 0.00250448 0.336345 -0.0271012 0.343696 -0.0787751 0.23162 0.0571658 0.432471 -0.369254 -0.290964 0.457906 -0.183316 -0.167451
-0.218931 0.287111 -0.313364 0.0056126 -0.0664055 0.259129 -0.140921 0.103818 -0.292804 0.568485 -0.0598981 0.00219087 0.413689 -0.146668 0.416846 -0.102868 0.167925 -0.14317 -0.339009 0.103649 0.159976 -0.328971 -0.0767646 0.30019 0.15003 -0.0988037 -0.149381 0.487061 -0.361733 -0.0147996 -0.366174 0.328704
-0.0017809 0.0445435 0.692223 -0.148368 0.437144 -0.097683 -0.0583781 0.659544 -0.0402726 -0.343593 0.0704797 -0.0431842 0.091774 -0.0333995 0.553886 0.139184 -0.268741 0.0311367 -0.199907 -0.0619285 -0.22761 0.52678 -0.172846 0.171891 -0.0808699 -0.289603 0.0494123 0.100173 0.139657 -0.655555 -0.308711 0.239389
-0.230902 0.050736 -0.314506 0.1829 0.232817 0.182977 0.258139 0.390975 -0.293519 -0.197168 0.224386 0.282555 -0.168586 -0.185972 -0.163053 -0.401274 -0.317853 -0.311823 -0.0735246 0.0677091 0.108368 -0.127141 -0.120997 0.0309154 -0.374004 0.23986 0.321346 -0.156395 -0.099609 0.310828 -0.0307629 0.147061
-0.0230763 0.389077 0.12252 0.136914 0.141577 -0.138778 -0.11581 0.192311 0.0316032 -0.294403 0.468276 0.244518 0.00940658 -0.0683752 0.049669 0.12938 -0.50825 0.528087 -0.197471 -0.000476408 0.00871671 0.499213 -0.022031 0.397127 0.101682 -0.240471 0.0336769 -0.0296272 -0.271018 0.0894307 0.00552569 0.139105
0.0483382 -0.162776 0.192083 -0.1561 -0.774918 0.0321633 -0.138518 0.0955326 0.499718 0.506935 -0.0412807 -0.206629 0.146171 -0.0925564 0.0979441 -0.165215 0.0626731 -0.202994 0.296063 -0.147494 0.165276 -0.316192 0.195293 -0.241596 0.0652942 0.2558 -0.0499957 -0.257292 0.124203 -0.210245 -0.101061 0.0663657
0.340169 0.00663834 0.00571438 0.184378 0.012593 0.158883 0.269633 -0.0819343 -0.818753 -0.204482 0.30217 -0.00844119 -0.0847826 0.291696 -0.0253312 -0.523133 -0.376326 0.104662 -0.0167227 0.363664 -0.183317 -0.0773752 -0.221126 -0.130149 -0.472976 -0.0964212 -0.0129672 -0.0340827 0.537388 0.458371 -0.187725 -0.510984
-0.0248001 0.0941275 -0.215121 -0.202744 0.395639 -0.0643879 0.165563 -0.232576 -0.0142351 -0.0840846 -0.168843 0.288825 -0.347219 0.0750142 -0.0887804 0.103706 -0.0853942 0.216798 -0.234926 0.289388 -0.00720067 -0.332126 0.170054 -0.0497124 -0.426959 0.083117 0.251649 0.320534 -0.094588 0.0363295 0.0126341 0.372451
0 0 0 0 0 0 0 0 0 0 0 0 0 0 0 0 0 0 0 0 0 0 0 0 0 0 0 0 0 0 0 0
0.0402305 -0.104983 -0.710631 -0.488167 0.294367 -0.987095 0.887804 -0.108443 0.579758 0.139281 -0.519824 -0.183269 0.736565 -0.103017 -0.217306 -0.00333967 0.0493436 0.571453 -0.59546 -0.333988 -0.157503 -0.228909 -0.145589 -0.533457 1.12314 -0.966174 -0.154836 0.554393 0.281221 0.360944 -0.0369064 -0.127708
-1.27887
