20 32
-0.332821 0.00417001 -0.0089766 0.273916 -0.448746 -0.198084 -0.794745 -0.314654 -0.0346808 -0.452645 -0.133541 -0.209251 -0.151797 -0.294086 -0.326966 -0.195974 -0.0885966 -0.401674 -0.113771 -0.169777
0.337892 -0.103982 -0.199676 0.560607 -0.673061 0.265639 0.186071 -0.375909 0.239851 -0.0108827 -0.136225 -0.372599 0.122496 -0.32364 -0.5546 -0.113233 -0.198825 -0.0186414 -0.0900238 0.380915
0.0833269 -0.180997 -0.364611 0.226845 0.09155 0.671593 -0.0326655 0.355358 -0.0553553 -0.23322 -0.606555 0.11349 -0.428663 -0.342414 -0.24472 -0.224465 -0.596838 -0.363237 0.161319 0.100565
0.118827 0.00874264 0.166123 0.0223632 -0.142058 0.271635 -0.125547 -0.344703 0.342126 0.275065 -0.646477 0.157526 -0.745484 0.183798 -0.489086 0.221499 -0.276835 0.0291777 -0.472461 -0.166868
-0.100799 0.215218 0.515448 0.150397 0.0795485 -0.50673 -0.471104 -0.0711533 -0.0233349 0.087077 0.0979687 0.127804 -0.547263 0.186347 -0.230341 -0.363448 -0.197762 -0.483371 -0.145174 0.191288
-0.262427 -0.431277 -0.240396 -0.013056 -0.585535 -0.480775 -0.118655 -0.553907 0.456277 -0.207315 -0.445639 -0.25847 -0.311602 -0.339018 -0.820212 0.240805 -0.16372 -0.167483 0.0998087 -0.492313
-0.384515 0.0327493 -0.096354 -0.0271741 -0.161604 -0.232164 0.362656 0.184453 -0.946883 0.239288 0.532525 0.295484 -0.253459 -0.388457 -0.0106988 -0.287003 0.00906012 -0.124785 0.271278 -0.201351
-0.179041 0.0723518 0.535727 -0.0655914 -0.224821 0.105788 0.139421 -0.350823 -0.35484 0.126635 0.0202169 -0.848934 0.026642 0.159051 -0.412297 0.141615 0.53846 -0.00252768 -0.235423 -0.212829
-0.0299724 0.12995 -0.00680092 0.172118 -0.0862675 0.0038976 0.285179 -0.369224 0.0323943 0.0302643 0.230065 -0.00765101 0.166702 0.321104 -0.652389 0.286167 -0.345467 -0.403693 -0.84537 -0.261462
-0.150255 -0.282439 -0.228334 -0.446023 0.15303 0.153877 0.0364715 -0.700082 0.590224 -0.141516 0.015313 -0.527573 -0.14363 -0.0287023 -0.261648 0.182251 0.300519 -0.513605 0.168034 0.0711112
-0.136182 -0.536471 0.394628 0.0672345 -0.751704 -0.172552 0.017532 0.0950339 -0.115111 -0.0542473 0.543112 0.439853 -0.388959 -0.356812 -0.181152 -0.659708 -0.53704 -0.602401 -0.491516 0.309246
-0.326807 -0.56261 0.170069 -0.0838198 -0.025124 -0.262869 -0.796762 0.0863877 -0.599501 -0.11532 -0.355726 0.0475213 -0.301406 -0.0971371 -0.63587 0.54446 -0.485248 0.330293 -0.0454323 -0.0544404
-0.12395 -0.7534 0.0872215 -0.329672 0.155187 -0.226828 -0.339069 -0.623933 -0.447827 -0.0951793 -0.64607 -0.857377 -0.491037 0.0499362 0.375921 -0.374688 -0.668373 -0.321294 -0.103988 -0.0440777
0.411775 -0.181177 0.312149 -0.402941 -0.306857 -0.430433 -0.477022 -0.337848 -0.345751 -0.474375 -0.416075 0.0861085 0.389932 -0.427169 -0.380741 -0.0643548 0.786969 -0.179843 -0.057146 0.238903
0.0064668 0.185244 0.124404 0.250131 -0.432881 -0.0569741 0.0791272 0.00904649 0.219716 -0.0869741 -0.454107 0.125037 -0.411386 -0.348465 -0.337773 -0.128996 -0.570974 0.26109 -0.422346 0.430982
-0.497185 0.266376 -0.127283 -0.649176 -0.545924 0.252937 0.0346827 -0.231748 -0.879322 0.246631 0.455279 0.458062 -0.313727 -0.0361126 -0.046301 -0.635743 -0.0666484 0.213285 0.0995613 -0.436945
-0.431611 0.0911793 0.0412977 -0.871656 -0.935666 -0.183029 -0.345293 -0.253157 -0.288886 0.15235 -0.126073 -0.0741942 -0.583301 -1.22265 0.196468 0.518913 -0.267164 -0.0799877 -0.0562047 0.370946
0.211417 0.0794771 0.00130643 -0.019313 -0.520811 -0.220567 0.245682 -0.170946 -0.140824 -0.595141 0.0374818 -0.495663 0.0191532 -0.189391 -0.690358 0.313917 -0.0682491 0.514043 0.404085 -0.290821
-0.478854 -0.581344 -0.682245 -0.327882 0.264093 -0.79525 0.0751905 0.0556312 -0.00902747 0.0166132 -0.530257 0.0469756 -0.38774 -0.974367 -0.17705 -0.449479 0.241291 -0.269917 -0.163046 -0.0612566
-0.0845595 -0.0328374 0.266762 -0.3372 -0.221933 -0.305827 0.454342 -0.221897 -0.0453101 -0.189928 -0.0974544 -0.233196 0.146326 -0.329146 -0.427682 -0.176588 -0.252424 -0.423064 -0.102259 -0.524975
0.386364 -0.578014 -0.286729 -0.236958 0.38775 -0.700301 -0.0655908 0.174623 -0.26033 -0.597544 -0.172299 0.413162 -0.362603 0.281164 -0.15159 0.275755 -0.0643479 -0.299405 0.385757 -0.000835786
-0.0411308 0.178653 0.264522 0.174849 -0.489891 -0.295431 -0.256301 -0.326221 -0.395013 -0.427402 0.0381303 0.113462 -0.119757 -0.235165 0.216349 -0.0595786 0.25049 -0.247863 0.0585655 0.397877
-0.915197 -0.246207 0.129904 0.276043 -0.0410122 -0.143335 0.412452 0.252097 -0.367697 -0.141022 0.0104557 0.444942 0.109082 -0.181109 -0.140614 -0.639515 0.21762 0.101188 0.289469 -0.110183
-0.0801644 -0.285425 -0.477228 -0.307092 -0.704629 0.172563 -0.840534 0.544665 -0.712262 0.298187 -0.325636 0.0645416 -0.389924 0.393141 -0.157535 0.29529 -0.0625526 0.0438344 0.0763252 -0.238081
-0.404864 -0.411603 0.0160778 -0.154522 -0.678579 0.162206 -0.38532 -0.366927 -0.0131633 -0.284642 0.0387396 0.624063 -0.119869 -0.335068 0.0573975 -0.24515 0.00751088 0.0998128 -0.0111302 0.0178855
-0.137359 0.404404 -0.21673 -0.178278 0.0980165 0.0471458 -0.198809 0.127077 -0.344781 -0.140227 -0.414333 0.041655 0.319232 -0.0927716 -0.0987633 -0.550258 -0.253551 -0.566773 -0.887479 -0.145584
-0.166597 0.585438 0.404041 0.103133 0.498725 0.259707 -0.688054 0.174364 0.106278 -0.242288 -0.532636 0.0943993 -0.805486 -0.14461 -0.427736 -0.441156 0.241046 -0.101471 0.00977444 0.162541
-0.0662729 0.0604216 0.139971 0.0646458 -0.0592432 0.327327 0.260368 -0.198704 -0.387343 0.0585568 -0.0768224 0.38527 0.122014 0.0474592 -0.215919 -0.330023 -0.207517 0.026105 -0.640169 0.244976
0.552317 -0.660531 -0.489818 0.0214431 -0.297011 -0.0272958 -0.0627441 -0.489493 0.290414 -0.0602608 -0.297093 0.396593 -0.29635 -0.490247 -0.190568 0.0242479 0.0646062 0.12168 0.117708 0.0740222
-0.313716 -0.32167 0.136562 -0.00126513 0.163631 -0.686097 -0.217851 0.46074 0.0499414 -0.0533559 0.107008 0.656262 0.513723 -0.62523 -0.574259 -0.567431 -0.353933 -0.104063 0.011043 -0.517683
-0.73909 -0.385418 0.194893 0.187808 0.382194 -0.190319 0.140034 0.137171 -0.351773 -0.152572 0.0496039 -0.401463 0.347532 -0.210229 -0.211615 -0.424931 -0.359731 -0.825571 -0.106307 0.671559
-0.449741 0.835386 0.330737 -0.260411 -0.157608 -0.178585 0.4425 -0.0279928 0.196825 -0.15339 -0.212984 -0.0276315 -0.299781 -0.64804 0.0194002 -0.568951 -0.207409 -0.256307 0.101555 0.34545
-0.158826 -0.0782268 -0.16813 -0.0958886 -0.075969 -0.158826 -0.156322 -0.111699 -0.0263268 -0.145958 -0.124664 -0.0908354 -0.21179 -0.266561 -0.127267 -0.164259 -0.158828 -0.0947014 -0.189105 0 -0.154161 -0.101497 -0.127008 -0.124022 0 -0.150959 -0.125827 -0.151817 -0.118995 -0.123324 -0.177021 -0.164642
-0.00925898 1.49286 1.47005 0.390192 -0.51503 0.360622 0.97238 0.714871 0.343962 -0.138632 -0.0852684 -0.0537319 0.409367 0.385218 2.11884 1.0698 -0.255372 0.417383 0.0963006 0.454505 0.594432 0.636316 1.55433 -0.606959 -0.0746594 0.0824872 0.56063 1.29501 0.983573 0.687683 0.770495 0.61273
-0.0642043 1.01665 -0.51317 0.482522 -0.552248 -0.154725 0.371113 0.519951 -0.288056 0.598042 0.239654 0.367245 0.159525 0.331086 -0.116149 -0.384033 -0.308082 1.2694 0.31043 0.19248 -0.17209 0.733024 0.939632 0.0294252 -0.374665 0.0511222 0.297387 1.15948 0.839994 0.0419605 0.476166 0.565862
-0.0887581 -0.0392771 0.189977 -0.393546 -0.686132 0.309192 0.235741 -1.08972 -0.418741 -0.140488 -0.337149 -0.647626 -0.391676 0.0545913 0.91716 -0.49879 -0.127289 0.230442 0.00987279 0.339789 0.237439 -0.648178 0.337353 -0.374535 -0.2247 0.0956898 -0.283533 -0.304925 -0.238828 0.480707 0.0689132 -0.202023
0.350974 -0.947614 -0.649377 -0.499098 -0.0338464 0.302523 -0.384856 -0.0794344 -0.189444 -0.166405 -0.14206 -0.0825067 -0.590784 -0.584339 -0.40407 -0.858351 0.213713 -0.61618 -0.114924 0.574617 -0.484597 0.0822349 0.276901 0.0322428 -0.236173 0.838649 -0.16886 -0.869644 -0.373887 0.529373 -0.0673859 0.89748
0.201201 0.350013 0.120442 0.308498 0.872663 -0.179583 -0.477167 -0.167501 0.280333 0.487099 0.6784 0.482399 -0.0277541 0.00192496 -0.423035 0.262805 -0.206416 -0.566584 0.144193 0.197912 0.0848181 0.597269 -0.296144 0.620071 -0.318517 1.04353 -0.0673392 -0.1473 0.450184 0.638387 -0.338698 -0.754168
0.333465 0.645326 0.488644 1.14896 -0.282506 0.077427 0.735166 -0.0356576 0.415336 -0.368506 -0.0813837 -0.575187 0.525771 -0.270684 -1.08334 -0.603704 0.0909044 0.166772 0.452812 0.042119 -0.44717 -0.239255 0.556986 0.153696 0.166802 0.480485 0.526647 0.847611 0.0362759 -0.107802 0.0732574 -0.167149
0.207886 -0.606403 -1.08905 -1.04391 -0.480898 0.178839 0.113716 -0.536416 -1.29153 0.0651746 -0.519625 -0.589933 0.483406 0.108306 -0.567826 0.141065 -0.300204 1.45603 0.489145 -0.166485 -0.27547 -0.277757 0.0349966 -1.29472 -0.0172556 -0.118546 0.138978 -1.22166 -0.249481 0.329431 -0.257603 -0.481093
0.226874 -0.605677 0.5105 -0.307461 0.299268 0.399037 -0.102453 0.289396 -0.292727 -0.249005 -0.187544 -0.194651 -0.442785 -0.716332 0.0496703 -0.42671 0.102438 -0.326569 -0.136359 -0.0381178 -0.138807 0.163756 0.609407 -0.335304 -0.0707773 -0.0203842 0.0533721 -0.282103 -0.269011 -0.668988 0.213457 0.972207
0.139295 0.123164 -0.412596 0.459529 -0.641359 0.218799 0.297761 -0.124809 -0.694165 0.258403 0.303436 -0.011154 -0.284999 -0.380931 0.1625 -0.146681 -0.299443 0.757202 0.189925 -0.0120074 0.227968 -0.779164 0.581954 0.0282935 -0.180859 0.475689 0.226687 0.743338 0.00179657 0.31906 -0.20849 -0.318794
0.235542 -0.10233 0.860217 -0.306066 0.0717954 0.0608082 0.311851 -0.622333 -0.247342 0.394834 0.728862 -1.18489 0.259236 0.500181 0.365365 0.380046 0.249072 -0.325574 0.19074 -0.116098 0.0287689 0.773539 -0.927936 0.653426 0.490706 0.128493 0.166172 -0.578466 0.786514 0.806185 -0.0281487 -0.15691
-0.155151 0.0826088 -0.177567 0.572574 0.862965 0.272384 -0.494926 -0.260549 -0.114707 -0.00977054 -0.028406 0.572508 0.309624 -0.187665 0.170508 0.0241068 0.267672 0.945274 -0.402621 0.215282 0.565489 0.660572 0.175793 0.733946 0.162852 0.434603 0.392141 0.181115 -0.0501263 0.257658 0.372437 -0.067702
0.16257 -0.256143 -1.02689 -0.446858 -0.929138 0.611186 -0.406824 -1.02535 -0.740515 -0.100905 0.0834513 -0.20791 -0.0610348 -0.418901 -1.41346 -0.663294 -0.493813 -0.0789406 -0.121476 0.0879387 -0.918842 -0.20396 -0.594444 0.46745 0.218446 0.11186 -0.0857947 -0.461564 -0.072115 -0.125542 -0.653201 -0.799504
0.377431 -0.290536 -0.481505 -1.10665 -0.804529 -0.0184639 -0.469719 -0.772264 -0.71208 -0.251337 -0.0563895 -0.22118 -0.403531 -0.269886 -0.613256 -0.786737 -0.184525 -0.261202 -0.0252378 -0.211881 0.150109 -0.491706 -0.939963 -0.626052 -0.331269 -0.0429442 -0.16968 -1.54602 -0.846396 -0.538078 -1.23082 -0.790264
-0.191738 -0.488177 -0.382847 -0.509344 -0.279977 -0.119551 -0.552519 -0.0525743 0.406135 -1.01189 -0.704764 -0.564212 -0.563569 -0.430225 1.06794 -0.0545868 -0.274767 -0.363848 0.064112 0.272359 -0.628383 -0.0601374 -0.550639 -0.017838 0.0477344 -0.0899849 -0.474155 0.0353709 -0.0103068 -0.0537367 -0.473217 -0.0418766
0.0370079 -0.644148 0.322361 -1.13813 -0.857034 0.29292 -0.416775 -0.837826 -0.839565 -0.712371 -0.224635 -0.355989 0.0614714 -0.832972 0.248579 -0.246584 -0.108199 -0.640865 0.0722008 0.187935 -0.353501 -0.393223 -0.872153 -0.664083 -0.403367 0.315926 -0.500756 -0.476091 -0.863563 0.0746284 -0.322299 -0.376003
-0.0278805 -0.309531 -0.660779 0.166311 -0.524636 0.143797 -0.979196 -0.368295 0.952925 -0.180987 -0.470262 0.116488 0.700846 -0.22021 -0.185255 0.978292 -0.147302 -0.935804 0.121913 -0.262252 0.788275 -0.0164563 0.230073 0.0400515 0.022402 -0.106555 -0.424339 -0.0278994 0.0888161 -0.654827 0.205193 -0.114732
0.329691 -0.514677 0.633979 -0.923902 -0.0683695 0.418025 -0.589325 -0.929587 -0.0397855 -0.530009 0.7175 0.446614 0.281211 -0.0881028 0.663027 -0.342477 -0.0943847 -1.09788 0.0312827 -0.0165976 0.972193 0.725288 -0.499989 0.550252 0.237235 0.34047 -0.803827 -0.166839 -0.244254 -0.189315 -0.163823 -0.104288
0.636512 -0.90286 -1.48074 0.103088 -0.77815 -0.274782 -0.665356 -1.244 -1.15993 -0.402168 -0.154644 -0.549365 -0.0348062 -0.742612 -1.82241 -0.888231 -0.2191 -0.675817 -0.140463 -0.146514 -0.801878 -0.47795 -0.777812 -0.0916248 -0.26585 -0.220062 -0.629662 -1.13888 -0.658692 -1.16886 -0.44982 -1.10623
-0.154453 0.838554 0.550403 0.938899 0.783229 -0.0367719 0.417122 0.31062 0.464377 0.121441 0.416344 0.726826 -0.266129 -0.205494 0.166463 0.0909357 0.467445 -0.294401 -0.138525 0.0513571 0.224913 0.917317 0.580543 0.97218 -0.0616272 -0.492245 -0.124472 0.608371 0.422906 -0.268551 0.4273 -0.2543
0.327803 -0.0901407 -0.0238704 -0.612002 -0.355905 0.180922 -0.117914 0.374904 -1.62826 -0.16983 -0.071072 -0.0385037 0.0654053 -0.462894 -0.28377 -1.06397 -0.051613 -0.230844 0.0179378 0.616433 -0.569965 0.516709 0.00725304 -0.238478 -0.305079 -0.417757 -0.0610967 -0.804747 -0.407535 -0.0760436 -0.365079 0.802713
-0.498483 0.589117 -0.135475 0.176385 -0.190988 0.467079 -0.251811 0.402286 -0.637839 -0.33181 0.128145 -0.666825 -0.246058 -0.723269 -0.313599 -1.31538 -0.127219 0.189923 -0.524753 -0.0545628 -0.535893 0.161663 0.38558 0.495808 0.12757 0.550736 -0.0565287 0.223039 -0.563721 0.0326131 -0.231549 0.435319
0.181442 -0.105337 -0.0164369 0.593488 0.939623 -0.318506 -0.137572 -0.0105365 1.39 -0.335406 -0.166716 0.996599 -0.157854 -0.411494 0.626003 -0.215412 0.0763459 -0.28237 -0.283168 0.156519 0.0642774 -0.0418885 0.154007 0.786404 0.117651 0.421938 -0.0530853 0.664212 -0.407776 0.232856 -0.536199 0.601683
-0.101551 -0.74385 -0.844265 -0.411082 -0.994573 0.0682395 -1.02758 -0.351556 -1.84363 0.442414 -0.323623 -0.437585 -0.166365 -0.0863656 -0.645087 -0.738525 -0.277781 0.739892 -0.140159 0.138458 -0.0273155 -0.55834 -0.626469 -0.133652 0.123649 -0.704091 -0.163261 -0.478621 0.148685 -0.224148 -0.307342 -0.509382
-0.00458725 0.906283 0.657998 0.458292 1.23693 -0.434208 0.338414 0.567148 0.207888 0.556139 0.933032 0.418977 -0.543504 0.618704 0.873837 -0.0214063 0.00437264 1.09644 0.290362 -0.55079 0.22016 1.48993 0.42926 0.295469 -0.170898 0.62628 0.242495 0.0123512 0.700445 0.522658 0.397575 0.854247
-0.0182672 -0.179218 -0.265236 -0.529178 -0.246537 0.572754 0.243711 0.791815 -0.147489 -0.0842782 -0.654613 -0.777676 -0.432349 0.0644023 1.34542 0.988925 0.146652 0.788439 -0.09507 0.283871 0.325615 0.142125 1.17741 -0.869681 0.0931239 -0.299078 0.757801 0.369797 0.310093 -0.15617 -0.351507 0.338699
-0.150526 0.0437923 -0.92761 0.150929 -0.763827 -0.379775 0.141632 -1.48337 0.529114 -0.206308 0.273795 -0.574768 0.105142 -0.619958 -0.469874 -0.143764 -0.00889642 -0.242254 -0.070982 0.152561 -0.21157 -1.45845 -0.62772 0.00882635 0.189803 0.285043 0.646398 0.717257 -0.394425 -0.705675 0.0484599 -0.921688
0.0781229 0.24809 -0.255762 0.731428 -0.324841 -0.169075 0.173151 -0.656311 -0.494392 0.125694 -0.0444294 -0.0231607 -0.258173 -0.0163608 -0.628488 -0.24253 -0.202968 0.256716 0.0280779 0.268829 -0.823411 -0.345668 -0.0274981 -0.446882 -0.00499386 -0.860864 0.379713 0.179216 -0.269209 0.426699 -0.20972 0.223549
0.0203908 0.429231 -1.0137 0.10942 -0.531808 0.495813 0.952741 -0.0510956 0.124668 0.135616 -0.767023 0.321687 -0.0360744 -0.234245 -0.394338 0.798872 0.370657 1.24032 0.135984 0.0121687 -0.0716294 -0.80719 1.48722 0.450632 0.107203 -0.325407 0.800589 1.43433 -0.38271 0.0783652 -0.923194 0.0895421
0.0390945 1.5131 1.12128 0.474391 -0.652924 0.0430259 0.854789 1.19289 -0.124234 0.000767075 -0.364668 -0.774093 -0.270978 0.359428 0.595533 -0.292334 0.190477 0.569895 -0.453226 0.19593 -0.0813885 -0.0512551 0.673474 -0.164968 0.0878222 0.624503 0.674594 1.16933 0.895312 0.426316 0.116795 0.839858
0.1115 0.359699 0.184178 0.634389 0.255434 0.321642 -0.343392 0.250129 0.329961 0.656056 0.532134 -0.777705 0.19454 0.264551 0.0346724 0.220218 -0.216592 0.622545 0.135367 -0.221004 -0.207297 -0.558261 0.105262 0.107511 -0.210655 0.548858 0.103699 0.234611 0.0842458 0.257844 0.370076 0.653766
0.210612 0.21471 0.27516 0.903696 0.20817 -0.0626917 -0.20145 -0.346489 0.206631 0.214332 -0.130822 1.26366 -0.0791087 -0.0676633 -0.440442 -0.470083 0.158043 0.640875 -0.223637 -0.532494 0.563678 -0.295546 0.0681346 -0.282485 0.317658 -0.465286 -0.0484689 0.673639 -0.211802 -0.371315 0.361344 0.19784
0.504959 -1.21234 -0.313309 -1.25468 -0.520604 0.0117176 -0.615681 -0.594986 -0.560461 -0.900569 -0.340177 -0.487833 -0.283498 -0.683644 -0.528235 -0.459964 -0.160463 -0.995955 0.12224 -0.154055 -1.2344 -0.304834 -0.895236 0.190615 0.0733485 -0.316623 -1.21014 -1.28674 -0.756619 -0.142258 -1.05656 -0.628414
0.192322 0.565142 -0.385514 0.346607 -0.364619 0.410262 1.36312 1.18419 -0.0167681 0.257308 0.247986 -0.339262 0.198926 0.561021 0.644658 0.616728 -0.0793933 0.785431 -0.0413833 -0.25164 0.477983 0.656071 1.33985 -0.177764 -0.148592 -0.274836 0.470672 1.2056 0.426382 0.554543 0.668706 0.207821
0.0560435 -0.39537 -0.525852 -0.134871 -0.0496394 -0.330252 0.00356816 0.0395568 0.0027004 -0.279835 -0.190204 0.189505 0.0970607 0.108695 -0.0762383 0.187558 0.0097164 0.688048 0.669245 0.235578 0.782851 0.338915 0.0522662 -0.237708 -0.425051 0.0293708 0.542082 -0.0127128 0.114405 0.421832 -0.263961 -0.375554
0.150859 -0.193407 -0.189597 -0.457265 -0.115307 -0.17113 0.673881 -0.141162 -0.619596 -0.301451 0.584163 -0.39187 -0.128328 -0.318264 -0.0102448 0.594547 -0.0189559 0.177908 -0.255948 -0.221204 0.100846 -0.0654993 -0.523914 0.555353 0.144977 0.406374 -0.453911 -0.505414 0.0669435 0.102627 -0.0489925 -0.946186
0.0680791 0.258317 0.10053 1.01737 -0.105117 -0.398201 0.0183166 -0.942753 -0.506271 0.302493 -0.0703068 -0.834287 0.240667 0.211928 -0.615329 -0.252949 -0.0774705 -1.23667 -0.521494 -0.0791883 0.127069 -0.199948 -0.315285 0.0962601 0.212429 -0.0312337 -0.178519 -0.405166 -0.275842 -0.141985 0.00330765 0.706931
0.0308246 -0.465005 0.556468 -0.0836029 0.608902 0.0870681 -0.305205 -0.181472 -0.375687 0.221987 0.932819 -0.337632 -0.0942488 0.0384548 1.14041 0.939823 -0.167563 0.182315 0.124363 0.549775 0.403193 -0.184339 -0.162534 0.202286 0.44552 0.222257 0.0417903 -0.160824 0.0346042 1.10339 0.148016 0.338133
0.491619 0.208264 0.43456 -0.341814 0.784523 0.475234 -0.149334 0.498617 -0.174773 -0.291869 0.0593162 -0.290531 0.333951 0.158421 -0.409961 0.115042 -0.0739942 0.0479518 -0.13855 -0.201248 -0.136763 0.660431 0.0366268 -0.573491 0.547706 -0.265024 0.17556 0.531944 0.0902105 0.522349 -0.636358 -0.636895
-0.47503 -1.63026 0.0382441 -0.0786183 -0.460476 -0.52898 -0.34429 -1.53479 -1.49465 -0.524272 0.367658 0.0446899 0.0679683 0.363378 -0.419038 -0.143325 -0.278687 -0.024907 0.130166 -0.0393244 0.367295 0.167701 -1.53512 0.305674 -0.010143 -0.165073 -0.867866 -0.11071 -0.760414 -0.397055 -0.351541 -0.689498
-0.155206 0.242468 -0.240249 0.339367 0.149076 0.0993112 -0.0259637 -0.0221795 0.0132768 -0.493 0.519147 -0.172365 -0.215015 0.104003 -0.511506 -0.0436117 0.158727 -0.567586 -0.469218 0.0415664 0.369798 0.0159994 -0.203269 -0.109399 -0.225522 0.379175 -0.251703 0.0218636 0.214525 -0.309539 0.211812 0.0194866
-0.0276085 -0.439404 0.118051 -0.184833 0.371702 0.28554 -0.314536 0.149037 0.0640255 0.336215 0.156078 -0.203784 -0.130886 -0.0384872 -0.770953 0.57069 -0.0130049 0.433983 -0.179714 -0.481122 0.293528 0.197949 0.795469 -0.0726029 -0.0554567 0.29366 0.346419 0.239381 -0.541671 0.182689 -0.00946887 -0.0270114
0.132136 -0.162766 0.164816 -0.0481209 -0.869039 -0.21248 0.466706 -0.518427 0.0908335 0.136929 0.557552 0.0501057 0.303567 -0.140948 1.09653 0.859009 0.302317 -0.0657297 -0.113662 0.0363097 0.44597 -0.620239 0.263395 0.0617798 0.240464 0.0689801 0.229017 -0.124942 1.0342 0.290828 0.49241 0.351122
-0.192918 -0.068505 -0.403837 0.0266566 0.159362 0.159073 -0.0194947 -0.0517225 0.620325 -0.122296 0.213541 0.306369 -0.369332 0.0636382 0.632439 -0.24361 0.149514 0.107916 0.124622 0.272459 0.139514 0.166704 -0.0658515 0.654527 -0.391228 -0.101793 0.267588 -0.486777 -0.259048 -0.0315983 -0.0138665 -0.730198
-0.439532 -0.613406 -0.797269 0.298261 -0.987311 -0.053428 -1.28177 -0.864871 1.10893 -0.203817 -0.283765 0.470723 -0.518355 -0.357117 -0.407578 -1.33644 0.0519123 0.92948 -0.311077 -0.297268 -0.531299 -0.807363 0.0597118 -0.634137 0.115378 0.000412545 -0.947248 -1.14289 -0.0148301 0.229227 -0.7264 0.21375
-0.0593386 -0.551565 -0.436905 -0.584523 -0.663826 -0.242501 -0.325797 -0.772087 0.68857 -0.0923695 0.0485267 0.422742 0.0549793 -0.401181 0.34386 -0.454342 0.233446 0.0910069 0.0506014 0.326719 -0.0735456 -0.212094 -0.603799 -0.203206 0.0345747 -0.191926 -0.294868 -0.836932 0.435008 0.745655 0.350447 0.0711364
-0.0841857 -0.376836 -0.238188 0.390773 0.122998 0.203268 -0.114017 0.291447 -0.574381 0.0967058 0.201432 0.0670074 -0.0272771 -0.759967 -0.266967 -0.125697 -0.216467 -0.276966 -0.349599 0.0339385 -0.0442395 -0.637522 -0.182314 0.0181131 -0.301568 -0.286757 -0.434956 0.223131 -0.6155 0.322491 0.315988 0.403504
0.0984131 -0.34093 -0.249584 0.125665 -0.338015 0.28831 -0.857919 -0.58982 -0.375554 -0.404362 -0.230588 0.267806 0.0431485 -0.722919 -0.055917 -0.481876 0.0469506 -0.858657 0.164173 0.337207 -0.0336396 -0.226429 -0.388676 0.277797 0.208225 0.0372843 -0.662854 0.0801284 -0.275013 0.00485303 0.501745 -0.970746
0.151999 -0.0976455 -0.0037256 0.973758 0.885458 0.278487 0.657428 -0.384945 0.368339 -0.0113672 0.220878 0.235144 0.163664 -0.218298 0.638818 0.859181 -0.0425449 -0.0731605 0.112997 0.0454598 0.245352 -0.205818 0.372463 0.123222 0.00254377 0.320139 0.590587 0.0165303 0.257884 -0.610104 0.10584 -0.131114
-0.151043 -0.255925 0.286065 -0.174682 -0.425399 0.32924 0.00751441 -0.0588128 0.896363 -0.207714 0.404406 -0.00543798 -0.0602278 -1.09539 0.0730926 0.135423 0.284427 -0.629296 -0.296019 0.31742 0.453855 -0.0586285 0.137903 -0.351584 -0.151882 0.634652 -0.943774 -0.235712 0.411112 -0.65809 0.906883 0.498043
-0.179931 -0.717885 -0.0183586 -0.208296 0.564943 0.402543 -0.844006 -0.269395 -1.29703 -0.294054 0.561542 -0.410734 -0.48336 0.10833 -0.858381 -0.0893158 -0.054488 -0.404842 0.196247 -0.133679 -0.987867 -0.128876 -0.982213 -0.123957 -0.107525 0.148347 -1.01243 0.31882 -0.263981 -0.542367 -0.717875 0.0217231
0.0660852 0.508169 0.44319 -0.540213 0.197837 0.311953 0.130901 0.225324 0.71936 0.410245 -0.183266 0.0953208 0.341709 -0.54621 -0.0848296 -0.00387969 -0.00702258 -0.637479 0.0103705 -0.241439 -0.110263 0.538966 0.394063 -0.164882 0.213431 0.0407743 0.562768 0.178237 -0.597689 -0.73348 -0.712398 -0.236362
-0.0952218 1.05924 -0.184259 -0.31009 0.500831 -0.126138 -0.190567 -0.333969 -0.414606 0.231698 0.587654 -0.347226 -0.231124 0.149778 0.0858096 -0.282433 -0.211857 -0.135561 0.146609 0.112153 0.117609 0.23678 -0.622316 0.72027 -0.0920563 0.122804 -0.333683 0.0476397 0.0104631 -0.00924951 0.224255 0.991387
-0.628869 0.513452 0.110776 -0.920171 0.214014 -0.0550637 0.540262 0.277875 -0.0694974 -0.692067 0.285031 -0.772766 0.470573 -0.436258 -0.0688978 0.402368 -0.444588 -0.512087 -0.418037 -0.0120515 0.107462 0.15568 0.892776 -0.0926044 0.241872 -0.0716315 -0.246187 0.239003 0.425187 0.438898 -0.110157 0.90262
-0.252854 0.207887 0.290844 0.0704901 0.393906 -0.320031 0.749235 1.07869 0.0338832 0.0156511 -0.116337 -0.228674 -0.0614625 -0.515002 -0.279439 0.498184 -0.12577 -1.33526 -0.298423 0.0850148 0.279841 0.62808 0.48357 0.193061 0.101229 -0.103933 0.422261 -0.0406347 -0.340059 -0.0341412 -0.226672 -0.0645976
0.18273 -1.73347 -0.860847 -0.336565 -0.956054 0.0298108 -1.37673 -0.0897505 0.137108 -1.08376 -0.478889 -0.282361 0.441427 -0.696665 -0.585968 -1.05568 0.511454 0.328233 -0.384941 0.363765 -0.756354 -0.847895 0.202373 0.588997 -0.41195 0.0399942 -0.788323 -0.280669 -0.238662 -0.0190271 0.381477 -0.503982
0.0325931 -0.0322976 -0.430136 0.790936 -0.839093 0.180647 0.668087 0.365643 -0.0801773 -0.328087 0.0457538 0.883353 -0.208591 0.355793 0.679968 0.160798 0.0135052 0.17425 0.224769 -0.381104 0.761916 -0.265168 0.152247 -0.0165707 -0.243279 -0.447695 0.25352 -0.535986 -0.0155397 0.451969 0.480489 0.361342
0.125248 -0.46826 -0.228281 0.182457 -0.735161 -0.622141 1.08293 0.280747 -0.981195 0.188722 -1.05567 0.382426 -0.105099 0.464035 0.650234 0.314826 -0.000541615 0.707713 -0.447182 0.0284061 0.535105 0.266753 0.996809 0.330188 -0.322878 -0.406369 0.118394 0.759937 -0.0472259 -0.217122 0.224398 -0.544128
0.0256421 -1.10941 0.0528974 -0.318113 1.12536 0.239447 -0.293968 0.282785 -0.253924 -0.0108301 -0.125755 -0.254877 -0.0678704 -0.519181 0.0351667 0.503445 0.153925 -0.759075 -0.0165407 0.308131 -0.91904 -0.14931 0.300839 0.386453 -0.118674 0.357974 0.297381 0.876878 -0.55827 -0.217371 -0.276578 -1.46924
-0.421613 -0.723538 -0.649453 -0.594686 -1.45568 -0.104176 -0.621574 -0.0700688 -0.448463 -0.0163527 -0.63614 -0.321824 -0.247067 -0.417364 -0.0429813 -0.521803 0.0783845 -0.238683 -0.084814 0.0523617 -0.542966 -0.892587 -0.53039 -0.132936 -0.216681 -0.824221 -0.0158664 -0.0378408 0.157118 -0.00818277 -0.944112 -0.438896
-0.0529964 0.334115 -0.272676 0.832546 0.891434 -0.48961 -0.30835 0.719849 -0.356416 -0.152714 -0.273729 0.261336 0.0886544 0.0502573 -0.571147 0.000373824 0.187272 0.0911114 0.293098 0.333588 -0.0147818 0.599002 0.954318 0.601539 0.181501 -0.690811 1.04726 0.981577 0.256006 0.30317 0.253707 -0.044836
0.0724575 0.441051 -0.0468059 -0.959464 -0.0767577 0.0109683 0.264662 0.692346 -0.84016 0.116153 -0.725121 -0.437584 -0.00665916 0.00690113 -0.061498 -0.34521 0.0386521 0.369634 -0.167663 0.0889943 0.178495 0.612611 0.629886 -0.889939 0.0377531 -0.348074 0.710796 0.222877 -0.281123 0.338518 -0.582606 0.922955
-0.204431 0.480109 -0.463247 -0.408696 0.0481567 -0.347223 0.143793 0.260739 1.50122 -0.672617 -0.407524 -0.0882002 0.281574 0.307121 -0.088615 0.330164 -0.307867 0.0262321 -0.433626 -0.087956 -0.128804 -0.496288 0.301038 0.408649 0.034319 0.381046 -0.0206956 0.290985 0.966973 0.98692 0.799554 -1.88437
-0.0613811 -0.00275508 0.103569 -0.199755 1.49067 0.355321 0.364869 0.0450248 1.48143 0.232979 0.453047 -0.18274 0.547014 0.525253 0.262113 0.447628 0.324355 0.0850862 -0.282473 -0.0734618 -0.0162525 0.343867 0.662105 -0.108928 0.184826 0.311311 0.867637 0.609689 0.45468 0.161705 0.82415 -0.933695
-0.0473208 -0.0189152 -0.336231 -0.372764 -0.849088 -0.0806412 0.155247 -0.297564 -0.725337 -0.865341 -0.100627 -0.550193 0.147996 -0.688008 -0.724895 -0.155641 -0.00329324 -1.10651 -0.598341 0.159613 -0.0649171 -0.484704 -1.06338 0.440093 -0.059059 -0.224673 -0.938131 -1.0542 -1.13577 -0.551727 -1.07783 0.496607
0.126753 1.11756 0.351031 0.335448 0.91817 -0.150671 1.43982 1.92387 1.01886 0.24473 0.669712 0.290187 -0.220606 0.461348 1.2278 0.833128 -0.293713 0.455464 0.126434 -0.00462315 0.78662 0.888957 1.02829 0.227007 -0.109402 0.501859 1.2256 0.658159 1.70106 1.42238 1.06701 1.39009
0.0700092 1.03714 0.251167 1.68406 -0.330062 -0.317004 0.934254 0.766152 -0.0255275 1.16508 0.566925 0.684301 -0.370028 0.841361 0.282912 0.627671 0.242166 0.698493 0.210465 0.184623 0.710598 1.0214 0.742668 0.195068 0.303205 -0.0416452 1.0496 1.05124 0.379455 1.09333 0.868062 0.567114
-0.269847 -0.838639 -0.266072 -0.476683 1.41126 -0.251453 0.0317702 0.448832 -0.0403842 -0.578032 -0.494899 0.311983 -0.0120949 -0.555731 0.341698 -0.792303 -0.450683 -0.503228 -0.473003 0.146373 -0.535146 -0.971689 -0.759193 0.549257 -0.0190242 -0.363208 -0.796081 -0.909749 -0.680012 0.582706 -0.358712 -0.160612
0.227686 -0.788046 -0.616098 -0.543539 0.103053 -0.272994 -0.649131 -0.831403 -0.161182 -0.337507 0.273523 0.250235 -0.478655 0.0330302 0.0267217 0.557244 -0.00876267 -0.495085 -0.107504 -0.065574 -0.420322 -1.7398 -0.119218 -0.0138938 0.0107331 0.487319 -0.537654 -0.0015123 0.471789 -0.517401 -0.379053 -0.859995
-0.100598 -0.526693 -0.569443 -0.641394 -0.224432 0.207177 -0.97808 -0.0156566 0.197227 -0.749434 -0.0869645 -0.380776 0.294678 -0.474664 -0.113998 -0.0585105 0.050068 -0.358617 0.178599 0.41536 -1.11067 -0.787995 -0.918705 -0.257476 -0.345499 0.253722 -0.0773512 -0.464581 -0.778051 -0.189522 -0.202499 -0.58739
0.374929 0.714824 -0.154912 1.29944 -1.16692 0.0421766 0.626634 0.754325 0.693128 0.373735 -0.193694 -0.421173 0.0627691 0.698111 -0.111562 0.42122 -0.0426218 0.926767 -0.353163 0.173331 -0.109589 0.613965 0.654634 0.247051 0.220268 0.393511 0.884113 0.891293 0.149946 -0.690306 0.0867702 0.59127
-0.208336 -0.119533 -0.388201 0.0775429 -0.604296 -0.034823 -0.283537 -1.3619 -0.755331 -1.26781 0.498013 -0.0462979 -0.116877 -0.621111 -0.603204 -0.391148 -0.155408 0.540373 0.0105257 -0.0613251 -1.01151 -0.77836 0.170861 0.0584509 -0.203386 -0.114092 -0.0606106 0.113677 -1.1018 -0.0468189 -0.304929 -0.900599
-0.505891 -0.757396 -0.523938 -0.319447 0.347023 0.235314 -0.0721904 -1.29149 0.279859 -0.177579 -0.193522 0.240544 -0.00495752 -0.406315 0.43818 0.405668 -0.131378 -0.35728 -0.254714 0.238503 0.0983965 -0.851041 -0.392184 0.411783 0.417541 -0.0623889 -0.974173 -0.609721 0.429692 -0.0361341 0.0786946 -0.912109
-0.0713908 -0.862385 -0.217073 1.86826 -1.35895 0.343452 0.197775 0.833258 -0.466322 0.0751109 -0.0847902 0.308306 -0.0278338 -0.00329329 0.00593753 0.28799 -0.0834264 0.224975 -0.219154 0.0421005 -0.0960803 0.228742 -0.105465 0.263543 0.0806167 -0.223778 0.0910875 0.238877 0.170009 0.589965 0.255049 0.30374
0.328222 0.249245 0.588985 0.742029 0.13286 -0.0890726 -0.752803 0.134716 -0.445861 -0.473477 0.263699 -0.831263 0.262025 0.0239288 0.0893197 -0.0437104 0.213529 0.659712 -0.1386 -0.157797 -0.439345 0.0127583 -0.293311 0.270153 -0.322441 0.229401 1.22753 -0.0168012 0.296079 0.72982 0.116734 -0.0869248
-0.194308 -0.112731 0.147299 -0.560234 0.306485 -0.205618 0.00939708 -0.0792535 0.024736 0.119275 -0.29388 0.218147 -0.136976 -0.539601 0.185824 -0.33431 -0.16572 -0.858092 -0.000387995 -0.46443 0.882452 -0.0980122 0.566226 0.26303 -0.225857 -0.211847 -0.157867 -0.51395 -1.86724 -0.824389 0.206522 -0.488065
-0.229981 -0.681907 -0.470378 -0.265203 -0.308698 -0.159781 -1.45279 -1.0124 -0.647689 -0.750226 -0.279417 0.0366018 -0.278936 -0.203836 -0.320456 -0.325317 -0.28196 -0.343644 -0.552066 0.00512325 -1.00034 0.292971 -0.240449 -0.511808 0.0844834 -0.155708 0.619653 0.306974 0.215182 -0.36662 -0.171891 -0.283965
-0.0458511 -0.147011 0.289131 -0.121155 0.597667 -0.242232 -0.651206 -0.508535 -0.965051 -1.03887 -0.689191 0.732833 -0.206124 -0.137563 -0.145074 -0.309192 -0.461201 0.0557303 -0.278428 0.49527 0.24448 -0.101652 -1.48059 -0.482802 -0.115004 -0.52051 -0.0257109 -0.673849 -1.12931 0.357442 -0.556651 -0.226761
-0.255789 -0.703789 -0.932545 0.0901419 0.584732 -0.26247 0.388524 -0.799731 0.978682 -0.0911228 -0.363691 0.361412 -0.195109 -0.793557 -0.134106 0.26292 -0.467037 -0.936918 -0.441751 -0.214537 -0.809196 -1.21703 -0.116955 -0.0123985 0.210376 -0.0278765 -0.33344 -0.00786516 1.28221 0.117078 -0.797096 -0.862302
-0.325833 -0.650075 -0.0224555 -0.334056 0.143362 0.318597 -0.282906 -0.482435 -0.781654 -0.783838 -0.916032 0.401917 0.00352524 -0.512356 -0.566574 -0.643968 -0.103673 -1.15094 -0.268462 0.0887579 -0.580027 -1.32291 -1.06596 -0.00256192 -0.208821 -0.308595 -1.04107 -1.09965 -1.34298 -0.140616 -1.28185 -1.14701
-0.147926 -0.376628 -0.752732 0.52074 0.982907 -0.238355 0.61649 0.548329 0.858862 -0.46031 -0.474644 -0.316006 0.305522 0.00866377 -0.205778 -0.0927479 -0.689451 -0.599605 0.135497 0.159338 0.0699799 0.0138201 -0.255704 0.317346 -0.130096 -0.152209 -1.50043 -1.1696 0.0736057 -0.164677 -0.212871 -0.253387
0.150866 -0.753645 -0.485832 -1.51682 -0.278765 -0.0685713 -1.07635 -0.332445 -0.383965 -0.769374 0.0785398 -0.401664 0.147999 -0.432043 -0.152444 0.0624929 -0.35841 -0.139628 0.132928 0.127384 0.0839929 -1.25537 -1.10009 0.748582 -0.0142726 -0.0528956 -1.00284 -1.11131 0.449078 -1.10371 -0.179811 -0.378407
0.0596137 -1.05063 -0.615028 0.63285 -0.775658 -0.202322 -0.773274 -0.981181 -0.161416 -0.268978 -0.120444 0.320694 0.207708 -0.809378 -0.637288 0.0610947 -0.84322 0.0633664 -0.0868181 0.195896 -0.372539 -0.0828256 -0.67619 -0.409633 0.333047 -0.11966 -0.479977 -1.05486 -0.830152 -1.28831 -0.485203 -0.694095
-0.649478 -0.612547 -0.726872 -1.3325 0.435206 -0.00874494 0.524462 0.706062 0.6848 0.604111 -0.325667 -0.182152 -0.549526 -0.0302766 -0.180336 0.0614203 -0.142362 -0.122163 -0.0297325 0.262053 0.535847 -0.133593 -0.0980969 0.171065 0.309753 0.804296 -1.23398 -0.716105 -0.888643 -1.14641 -0.108541 0.145206
-0.164632 0.510582 0.89504 -0.577295 -0.0918468 0.0446627 -0.438013 -1.63066 -0.950837 0.222827 0.162354 -0.324308 -0.0167377 0.328781 0.0624789 -0.756796 -0.249789 -0.903904 0.315445 0.046622 -0.000619697 -0.295498 0.219756 -0.426149 -0.16355 0.598825 -0.0120152 0.634327 -1.1024 -0.104606 -0.106926 -0.922222
-0.0817556 -0.259107 0.220639 0.243676 0.22898 -0.560739 -0.707327 0.0947593 0.071589 -0.511943 -0.224352 -0.384934 -0.0917391 -0.273014 0.0695896 -0.184181 -0.225448 -0.701277 -0.131666 -0.10446 -0.384179 0.400906 -0.477895 0.556728 -0.213892 -0.210962 0.356729 -0.204492 -0.342422 -0.558073 -0.0362354 -0.0111906
0.184784 -0.64456 -0.550641 -0.499172 1.65238 -0.834875 0.412309 0.254544 0.323693 0.31234 0.154861 0.00114015 -0.385351 -0.500516 1.06568 0.689026 -0.708888 -0.0502608 0.290922 0.320348 0.942736 -0.283135 -0.165966 0.960398 -0.0742242 0.125314 -0.688063 -0.769137 0.470488 -0.0187459 -0.259791 0.296287
-0.1849 -0.220256 0.464415 -0.0317314 -1.00987 0.183411 -0.559681 -0.340619 -1.31839 -1.14814 0.229349 -0.830754 0.149089 0.539549 -0.502973 0.171813 0.546165 -0.651289 -0.38535 0.18541 -0.929526 0.293707 -0.252899 -0.733893 0.25756 0.0900244 0.109516 -0.0630745 -0.389222 0.376073 0.219577 -0.652423
0.2081 0.189451 1.54893 -0.140689 0.316676 0.131082 -0.387619 0.531481 -0.969631 0.138667 0.0664615 0.357778 0.0126817 0.848272 0.588529 0.252957 0.585776 0.110213 0.0931825 -0.125341 -0.119101 0.0871911 -0.065083 -0.184779 -0.117665 0.70467 0.982771 0.893494 0.276014 -0.2288 0.102368 -0.717259
-0.156557 0.961212 0.0104116 1.26743 0.674687 -0.166363 1.92225 1.33983 1.02712 0.452251 0.4339 0.102004 0.402138 0.501166 0.994483 1.26397 0.162245 0.502777 -0.35166 0.34924 -0.0598234 -0.497117 1.38686 -0.427274 0.492119 -0.354729 1.15855 1.30689 0.918751 0.970192 -0.205656 0.380969
0.0975974 -0.76871 -0.673288 0.119299 -0.367884 0.264467 1.44974 0.666178 -0.453753 -0.128682 -0.346931 -0.256899 -0.104466 -0.407696 -0.279107 0.038053 -0.130254 0.305711 0.137235 -0.204966 0.110755 0.00208388 -0.494103 -0.0121808 -0.464984 -0.334876 -1.45476 -0.547002 -0.922956 -0.0085267 -0.299777 0.150625
0.0910056 0.330545 0.333972 0.764109 -1.17038 -0.0821207 0.419585 -0.218901 -1.04592 0.0781155 0.127811 0.0158291 0.0934628 0.252962 0.0277476 0.414436 0.0724979 0.356319 -0.0772597 -0.121466 -0.102486 1.03334 -0.0772622 -1.0103 0.400487 0.345341 0.854843 0.539358 -0.4363 0.568189 0.108096 0.31478
0.466738 -0.216551 0.0285279 1.08234 -0.795137 -0.257577 1.34711 0.79016 0.613582 1.0241 0.395911 0.350843 -0.16023 0.442698 0.301266 1.14342 -0.0525224 1.36611 -0.612043 -0.264653 0.947938 0.802901 1.20429 -0.0446014 -0.385084 -0.478469 0.456123 0.86524 0.702007 0.516577 0.584934 0.492712
-0.0897607 0.691155 0.411141 0.265684 0.0689201 0.416078 0.0814742 1.36949 0.5463 0.808669 0.421868 0.018312 0.14927 0.328858 0.729355 0.355304 0.38672 0.471224 0.0416545 -0.149247 0.121619 1.22846 1.37317 0.0475156 -0.175163 0.14884 1.17192 1.31691 0.975397 0.185467 0.332538 0.878852
0.0601078 0.636958 0.671876 0.321223 0.590762 0.188975 0.572396 -0.697726 -0.572098 0.521315 0.482587 0.0800769 -0.19061 0.644387 0.744517 -0.457015 0.0362356 -0.665426 0.115363 0.355991 1.13411 -0.614563 -0.0633918 -0.436773 -0.19132 -0.689873 0.217205 0.147507 -1.22334 0.0857459 0.328768 0.000435797
-0.428655 -0.395245 -0.0510036 -0.509965 0.466128 0.130452 0.535742 0.40032 -0.0117931 0.381651 -0.0918005 0.0770163 -0.246407 0.16441 -0.129949 -0.590986 -0.391522 -0.351375 0.121046 -0.159763 0.402563 0.435864 -0.442063 -0.204672 -0.606801 -0.270672 -0.158375 -0.248726 -1.20647 -0.167497 0.229771 0.302954
0.0558517 -0.733585 -0.661525 -0.996225 0.40285 -0.016633 -0.834099 -0.874715 -0.424048 -0.530642 -0.33632 0.183218 0.299357 -0.713701 -0.654422 0.173892 -0.51704 -0.685937 -0.179808 -0.0126773 -1.08284 -1.43236 -0.129045 0.242382 0.190667 -0.536139 -0.571006 -0.756737 -0.136127 -0.916322 -0.372073 -0.878319
-0.0865115 0.180925 0.393157 0.514842 0.215501 -0.241882 0.361923 -0.327953 0.355109 -0.346722 0.118109 0.426162 0.0880322 0.381246 0.41498 0.234843 0.275174 0.107909 0.157893 -0.0906705 0.127447 -0.2239 -0.363929 -0.59052 -0.0454071 0.453699 -0.286281 0.113187 0.15381 -0.411509 -0.0677177 0.452085
-0.15532 -0.133489 0.123979 0.370611 -0.0184574 -0.842437 0.0797786 0.112566 0.293446 0.217115 0.157017 0.186545 0.435201 0.271793 0.725486 -0.156353 -0.100996 0.319168 0.435241 0.108847 -0.0519843 0.633534 -0.318633 0.201493 0.207151 0.051 -0.259234 -0.226123 0.133012 0.168829 0.166076 0.659815
-0.047351 0.260237 -0.271115 0.422978 0.132935 -0.204691 0.0399039 0.292038 0.221248 -0.74235 0.14068 0.0469987 0.105102 -0.0898478 0.238579 0.121946 -0.067532 0.265158 0.322887 -0.135593 -0.0855872 0.586565 -0.194291 -0.575905 -0.0546288 0.111325 0.354944 -0.163859 0.126568 0.377827 -0.109097 0.176405
-0.264769 -0.696964 -0.321671 0.142895 -0.360979 0.0998554 0.102284 -0.116366 0.330536 -0.34811 0.239637 0.338582 0.0204064 0.136945 0.302774 -0.0912483 0.361214 -0.123457 0.181877 0.0527482 -0.100288 -0.0544311 -0.228367 0.0321083 -0.252986 0.0688842 0.175408 -0.125843 -0.321736 -0.0553465 0.0142589 0.16028
0.0397468 -0.0619254 0.346 -0.192142 0.158892 0.0401017 0.749786 0.150947 0.137618 -0.0373095 -0.0815369 -0.526493 0.165167 0.0549748 0.113046 -0.113834 -0.112839 0.375555 0.0839246 0.211075 -0.252403 0.10095 -0.532288 -0.306412 0.111314 0.325827 -0.0223904 0.183865 0.0635821 -0.170936 -0.139358 0.0946172
-0.0894849 -0.154433 -0.059508 0.614028 -0.253236 0.087196 -0.280312 0.499458 -0.0596826 -0.222433 -0.0308121 -0.045464 -0.147262 0.0443958 -0.345302 0.0825782 0.25799 0.216715 0.485524 0.171647 0.306503 0.398836 -0.69234 -0.0396986 -0.351829 -0.254143 -0.301757 -0.0545955 0.0923039 -0.0543461 -0.0614305 0.192127
0.233765 0.0303863 -0.316937 0.0158105 -0.108941 0.287765 -0.271151 0.189936 -0.203875 0.224053 -0.068972 -0.415571 -0.263493 0.255814 0.466139 -0.264507 0.180439 0.0243424 -0.100035 0.146361 0.172725 -0.485987 0.134275 0.00756123 0.130004 0.168661 -0.196288 0.241037 0.234784 -0.109922 0.251557 0.134387
0.0588869 -0.0161568 0.142223 0.599114 0.110569 0.336216 0.0788379 0.436854 0.0209083 0.0520621 -0.100437 -0.523596 -0.311203 0.0444586 0.244435 -0.131528 -0.156046 0.360611 -0.498178 0.345118 0.517951 -0.0798802 0.144078 0.04225 0.0814731 0.29176 0.282146 -0.154761 0.0678149 0.0757747 0.189954 0.0431559
-0.187978 -0.202904 0.331325 -0.246718 -0.254391 -0.106455 -0.00602379 -0.414831 0.496942 -0.06752 -0.0933799 0.361253 0.20482 -0.103814 0.136801 0.0188292 0.360996 0.0370404 -0.420045 -0.538407 0.38111 -0.163206 0.101522 -0.110433 -0.138111 0.075705 0.381924 -0.438166 -0.122908 0.417915 -0.325524 0.350722
0.132447 0.0781324 -0.15849 -0.508086 0.282752 0.505054 -0.0547384 -0.580861 -0.0103133 0.176323 -0.0528957 -0.0260625 -0.185635 -0.213357 -0.0880681 -0.142601 -0.217895 -0.0544269 0.212272 -0.089715 -0.0523807 -0.27433 0.0247388 -0.0568184 -0.00454941 0.0559801 0.162163 0.00255061 0.184447 -0.162641 0.0590313 -0.0518765
0.265092 0.122166 0.109918 -0.113571 0.042444 -0.0605065 -0.10491 -0.139741 0.137571 0.264235 -0.36965 0.304114 0.212772 -0.239942 -0.01007 -0.289186 0.119578 -0.121949 -0.687942 -0.0850008 0.415806 -0.117448 0.0591148 0.0310981 -0.308244 -0.212512 0.0184518 -0.0883916 0.474321 -0.185127 -0.282553 0.190262
-0.207063 -0.571927 0.578997 -0.270707 -0.191269 -0.539064 -0.545681 -0.154769 -0.162434 -0.289694 0.039447 0.0257727 -0.0645575 -0.0247852 0.641912 0.308218 -0.216406 0.446923 0.397967 -0.177332 0.182906 -0.18467 -0.293446 -0.295339 -0.0660439 -0.0434256 0.129096 -0.244472 -0.00620431 -0.281372 0.485378 0.311984
0.191215 -0.375647 -0.00316156 -0.173134 -0.181537 -0.282003 0.171105 0.143607 -0.105568 -0.54244 -0.0876515 0.319012 0.386041 -0.526244 0.122899 0.225882 -0.271926 0.337464 0.343916 -0.294993 -0.00343289 0.234233 0.451957 -0.161867 -0.113873 -0.0348051 0.0455831 -0.444646 0.376671 -0.233732 0.102313 0.410478
-0.164991 -0.122959 0.247915 0.058925 -0.29965 -0.289 0.275672 0.0323006 0.0120462 -0.475758 0.17819 0.665923 0.517663 0.416949 0.382994 0.176512 -0.325881 0.0844609 -0.117742 0.165451 0.458815 0.697758 -0.0885148 -0.182533 -0.137121 0.239022 0.0647079 -0.110535 -0.0985199 -0.229951 0.0594863 0.339273
-0.433296 -0.0683964 0.0208464 0.243933 -0.394669 0.111253 0.0534381 -0.170996 -0.302035 -0.191742 -0.0297988 0.214304 -0.166033 0.253357 -0.0245822 -0.529858 -0.109577 0.545906 0.07824 -0.183042 0.251901 0.432718 -0.0649675 -0.346487 0.260755 0.239007 0.340951 -0.221609 -0.00387008 -0.310926 -0.412003 -0.184131
-0.0739329 0.0838549 0.21478 -0.360892 0.000862287 0.134247 -0.0414888 0.311682 -0.351867 0.0550655 0.0892715 0.0552058 0.148343 -0.153017 0.407071 0.496564 0.0456333 0.269304 0.331498 0.116208 -0.134256 0.563038 -0.203941 -0.277415 0.273844 0.308499 -0.0495862 -0.358503 0.0642059 0.58724 0.387046 0.31676
0.0074739 0.119439 0.11657 0.110001 0.0435394 -0.246826 0.106007 0.12406 0.0495721 -0.101062 0.150113 0.225888 0.566761 0.218531 0.743043 0.27758 0.0138446 0.500079 0.106405 -0.471631 0.133827 0.122603 0.281581 -0.349706 -0.23674 0.512871 -0.0205033 -0.162169 -0.311673 -0.0277102 0.122012 0.00315776
-0.359329 -0.222003 -0.277946 0.0595637 0.329276 0.0931785 -0.0894186 -0.166255 -0.200827 0.257389 -0.302446 0.0254898 -0.175524 0.246203 -0.158129 -0.335372 0.164956 -0.130621 0.209172 -0.148508 -0.242085 0.251738 0.0873807 -0.0135958 -0.418821 -0.0584595 -0.0065495 -0.00388025 -0.101441 -0.358191 -0.502808 0.431625
-0.359246 -0.739473 0.137892 -0.271868 0.00877197 0.2355 0.510458 0.214762 0.0942226 -0.0327986 -0.475061 -0.168385 -0.0844688 0.114251 0.553421 -0.380896 0.110272 -0.363287 -0.248555 -0.129152 -0.199612 0.279724 -0.053361 0.0905794 -0.302849 0.12339 0.222478 -0.19012 0.0791595 0.146194 0.171423 -0.104572
-0.64749 -0.247813 0.0211919 -0.274324 0.0113817 -0.208446 0.494516 -0.235808 -0.162083 0.0665003 0.00405902 0.369319 0.315391 -0.00291584 -0.14398 0.407278 -0.224987 0.340382 -0.060639 -0.0820914 0.0606279 -0.0434255 -0.0728564 -1.02138 0.040058 0.249508 -0.177119 -0.121255 -0.500908 -0.417583 0.208717 0.474449
-0.449561 -0.196622 0.186453 0.192145 0.523158 0.207246 0.287699 -0.00259333 0.0686133 0.394331 -0.168384 -0.123938 -0.0169019 -0.125956 0.187377 -0.0885279 -0.00878691 0.0880648 -0.00599933 -0.0180332 0.191074 -0.165278 0.125057 0.0598091 -0.182669 0.276677 0.211502 0.0582647 -0.154493 -0.350882 -0.129398 0.104073
-0.154346 -0.0837514 0.519317 -0.128521 -0.424401 -0.585124 -0.417155 0.288485 0.0243658 -0.376618 0.335135 0.0344473 0.120967 0.435779 0.649607 0.0324086 0.0393672 0.372526 -0.0521694 -0.0584726 0.0374833 0.0556278 -0.296981 -0.317657 -0.388137 0.282904 -0.30736 -0.143333 -0.571707 -0.273208 -0.0643363 0.131953
0.0375344 -0.179704 -0.0896073 0.419143 0.0143229 0.169218 0.416997 0.483685 -0.0454339 -0.305019 -0.164453 -0.135703 -0.298151 0.37464 0.385625 0.383833 0.227749 0.621024 0.131861 0.294927 0.202354 0.0394213 -0.0002149 -0.279413 -0.341244 0.460694 -0.308847 -0.168925 -0.228441 -0.0642571 0.0439537 -0.0973847
-0.326679 0.19923 0.0207003 0.0847513 0.372255 -0.255372 0.1761 -0.142072 -0.137554 0.258956 0.325719 0.074099 0.178808 -0.3907 0.0234303 -0.285143 -0.123147 0.0720108 -0.363676 0.460983 0.153381 -0.37555 0.577577 0.702724 -0.15546 -0.254453 0.312338 -0.145388 -0.0580302 0.204111 0.0953736 -0.0664214
-0.463735 0.0427708 0.0714119 -0.18507 -0.120796 -0.109251 -0.375113 -0.0728066 0.369962 -0.182021 -0.00505154 0.0746949 0.0681023 0.299164 0.213492 0.0444683 0.100305 0.452891 -0.261144 0.159648 0.192574 -0.093756 -0.156284 -0.280012 0.0553771 -0.373509 0.116583 -0.100953 -0.265932 -0.395432 0.369021 -0.00589625
-0.228216 0.206433 -0.142669 0.165146 0.060833 0.152282 0.49328 -0.0232915 0.102581 -0.0249174 -0.00429538 0.205428 0.00886947 0.0923005 -0.267212 -0.0113663 -0.221151 0.287446 -0.411679 -0.0478262 -0.240021 -0.51024 0.4532 -0.0570857 0.165293 -0.133782 0.284705 0.178506 -0.151157 -0.119534 -0.288032 0.0636467
-0.0864272 0.221531 0.619158 0.0573327 -0.0674565 -0.173899 -0.169898 0.354145 0.24229 -0.233174 0.0665625 0.441535 0.451402 0.197094 0.287601 0.435133 0.2587 0.0817563 0.210758 -0.0924151 0.16431 0.117425 -0.206166 -0.204523 -0.374663 0.0995533 0.111538 -0.0564953 0.128598 0.269221 0.214015 0.245226
-0.450613 0.281474 -0.260981 0.101657 0.214431 -0.00535695 -0.513163 0.0954872 -0.123367 -0.608921 0.129435 -0.118262 0.481211 0.246587 0.218657 -0.0294268 0.111456 0.137285 -0.0656331 0.513586 -0.161005 0.186709 0.0572924 -0.31663 0.164298 0.37975 -0.286225 -0.163122 -0.382035 -0.0953681 0.076799 0.420336
0.0153032 -0.164514 0.0324608 -0.0876786 -0.443661 -0.184032 -0.218261 0.342758 -0.294892 -0.103818 -0.166688 -0.312182 -0.247738 -0.176634 0.0549115 0.0858871 0.196289 0.387184 -0.239101 -0.309827 -0.193798 -0.300907 -0.104297 -0.210418 -0.275089 0.162951 -0.189801 -0.264378 -0.0935209 -0.156825 -0.0344378 -0.0564411
-0.0337267 0.136873 -0.145051 0.0522041 -0.78651 -0.0342798 -0.122506 0.501623 0.0943165 -0.515918 -0.0212071 0.22694 0.161605 0.176059 0.0992576 -0.323754 -0.253001 -0.00383386 -0.634253 0.10251 -0.0285176 -0.141406 0.0389865 -0.578628 -0.273245 -0.0703934 0.124518 0.262093 0.0923121 0.46611 -0.063456 -0.0544932
-0.373768 0.442622 0.512654 0.474692 0.0423949 0.0336452 0.0912689 0.366639 0.356669 0.0120154 0.188933 0.0343493 0.163959 0.109838 0.253708 0.184668 0.160385 0.417231 -0.156039 -0.265694 0.31485 0.504606 0.677807 0.424131 0.179389 0.409312 0.161913 0.311709 -0.03774 0.0806206 0.011142 0.140314
-0.0613348 0.0773524 -0.120292 -0.087585 0.110687 0.307106 -0.202245 -0.305521 -0.0719162 -0.0505711 0.163635 -0.116804 -0.17421 0.194383 0.0378961 -0.342715 -0.351726 -0.22934 0.319371 0.247949 -0.00389339 0.187304 -0.158627 0.207495 0.0914141 -0.109032 0.200598 0.0530004 0.167385 0.195947 -0.0270871 0.298556
-0.0541343 -0.11223 -0.23097 -0.237959 0.0236964 0.438147 -0.436065 -0.301281 -0.131055 0.839601 -0.514398 -0.297311 -0.146747 -0.0719203 -0.227915 -0.0511874 -0.0398472 0.152737 -0.178963 -0.225939 -0.27843 -0.205865 -0.0170009 0.54196 -0.0535651 -0.388344 -0.0473554 -0.223487 -0.169119 0.641439 0.886123 -0.456613
0.374812 0.115376 0.016618 0.0778759 0.067613 0.139004 -0.0286214 -0.100322 -0.0267047 0.175868 -0.10175 0.183318 -0.176834 0.249886 -0.00295319 0.0230205 0.00330257 0.179085 0.0835029 -0.0413191 -0.138799 -0.4881 0.113691 0.143005 -0.0105837 -0.234847 0.175197 0.0496815 -0.0525455 0.0705513 0.0597051 -0.124668
0.925373
